wavelength,file1,file3,
309.60687,57.0,49.0
309.7361,63.0,55.0
309.86536,57.0,57.0
309.9946,58.0,52.0
310.12387,55.0,54.0
310.2531,54.0,54.0
310.38235,54.0,53.0
310.5116,50.0,49.0
310.64087,50.0,44.0
310.77008,51.0,45.0
310.89935,49.0,48.0
311.0286,50.0,48.0
311.15784,46.0,54.0
311.28708,51.0,52.0
311.41635,42.0,49.0
311.54556,51.0,50.0
311.67484,51.0,52.0
311.80408,55.0,44.0
311.93332,52.0,51.0
312.06256,49.0,52.0
312.1918,53.0,46.0
312.32104,43.0,48.0
312.45032,46.0,50.0
312.57953,49.0,50.0
312.7088,47.0,48.0
312.838,52.0,43.0
312.9673,52.0,47.0
313.0965,49.0,50.0
313.22574,55.0,47.0
313.35498,47.0,49.0
313.48422,47.0,53.0
313.61346,52.0,48.0
313.74268,56.0,49.0
313.87195,56.0,48.0
314.00116,55.0,45.0
314.1304,54.0,50.0
314.25964,48.0,52.0
314.3889,47.0,48.0
314.5181,48.0,52.0
314.64734,46.0,52.0
314.77658,53.0,45.0
314.90582,46.0,57.0
315.03503,53.0,44.0
315.16428,47.0,47.0
315.2935,43.0,50.0
315.42273,58.0,47.0
315.55194,49.0,53.0
315.68118,47.0,50.0
315.8104,50.0,53.0
315.93964,49.0,46.0
316.06885,52.0,46.0
316.1981,55.0,47.0
316.32727,52.0,46.0
316.45648,46.0,52.0
316.58572,46.0,47.0
316.71494,41.0,49.0
316.84415,51.0,51.0
316.97336,49.0,47.0
317.1026,47.0,49.0
317.23178,49.0,44.0
317.36102,46.0,47.0
317.4902,46.0,46.0
317.61945,49.0,48.0
317.74863,48.0,52.0
317.87784,44.0,54.0
318.00705,48.0,50.0
318.13626,49.0,51.0
318.26544,50.0,56.0
318.39465,57.0,47.0
318.52383,49.0,51.0
318.65305,53.0,52.0
318.78226,53.0,52.0
318.91144,51.0,47.0
319.04062,54.0,53.0
319.16983,51.0,47.0
319.299,46.0,48.0
319.42822,49.0,45.0
319.5574,47.0,48.0
319.68658,43.0,47.0
319.81577,48.0,46.0
319.94495,48.0,47.0
320.07413,48.0,50.0
320.2033,51.0,49.0
320.3325,51.0,46.0
320.46164,53.0,50.0
320.59085,52.0,49.0
320.72,53.0,53.0
320.84918,47.0,53.0
320.97833,53.0,53.0
321.1075,51.0,50.0
321.23666,50.0,56.0
321.36584,53.0,52.0
321.495,53.0,53.0
321.62418,49.0,52.0
321.7533,47.0,53.0
321.88248,46.0,50.0
322.01163,43.0,50.0
322.14078,51.0,50.0
322.26993,50.0,52.0
322.39908,52.0,49.0
322.52823,50.0,46.0
322.65738,46.0,48.0
322.7865,49.0,49.0
322.91565,44.0,46.0
323.04477,50.0,52.0
323.1739,50.0,48.0
323.30304,57.0,52.0
323.43216,49.0,52.0
323.5613,54.0,47.0
323.69043,51.0,52.0
323.81955,52.0,45.0
323.94867,51.0,45.0
324.0778,48.0,50.0
324.2069,48.0,49.0
324.33603,50.0,50.0
324.46512,50.0,50.0
324.59427,51.0,54.0
324.72336,48.0,51.0
324.85248,52.0,50.0
324.98157,52.0,47.0
325.1107,49.0,51.0
325.23975,47.0,52.0
325.36887,52.0,49.0
325.49796,47.0,50.0
325.62704,53.0,52.0
325.75613,49.0,52.0
325.88522,46.0,53.0
326.01428,47.0,45.0
326.14337,49.0,39.0
326.27246,49.0,47.0
326.40155,48.0,46.0
326.5306,52.0,49.0
326.65967,51.0,52.0
326.78873,50.0,46.0
326.9178,50.0,51.0
327.04684,49.0,52.0
327.1759,51.0,52.0
327.30496,49.0,52.0
327.43402,53.0,52.0
327.56308,51.0,48.0
327.6921,58.0,40.0
327.82117,49.0,57.0
327.9502,55.0,47.0
328.07925,53.0,48.0
328.20825,54.0,42.0
328.3373,53.0,48.0
328.4663,47.0,51.0
328.59537,50.0,45.0
328.72437,48.0,55.0
328.8534,47.0,52.0
328.98242,47.0,51.0
329.11145,47.0,58.0
329.24045,50.0,55.0
329.36945,51.0,50.0
329.49844,51.0,45.0
329.62747,42.0,51.0
329.75644,51.0,49.0
329.88547,49.0,48.0
330.01443,52.0,51.0
330.1434,54.0,43.0
330.2724,46.0,48.0
330.40137,50.0,44.0
330.53036,49.0,46.0
330.65933,43.0,49.0
330.7883,42.0,50.0
330.91727,50.0,45.0
331.04623,48.0,57.0
331.1752,59.0,51.0
331.30417,54.0,46.0
331.4331,56.0,49.0
331.56207,58.0,53.0
331.691,52.0,55.0
331.81995,51.0,52.0
331.94888,50.0,55.0
332.07785,48.0,52.0
332.20676,47.0,57.0
332.3357,50.0,52.0
332.4646,45.0,50.0
332.59354,52.0,42.0
332.72244,50.0,45.0
332.85138,42.0,51.0
332.9803,51.0,50.0
333.1092,52.0,50.0
333.2381,44.0,54.0
333.36697,53.0,54.0
333.49588,50.0,44.0
333.62476,49.0,50.0
333.75366,51.0,45.0
333.88254,49.0,48.0
334.01144,45.0,52.0
334.1403,56.0,50.0
334.2692,50.0,57.0
334.39804,55.0,56.0
334.52692,51.0,53.0
334.65576,50.0,49.0
334.78464,49.0,45.0
334.91348,45.0,45.0
335.04233,48.0,48.0
335.17117,51.0,46.0
335.30002,52.0,50.0
335.42883,47.0,50.0
335.55768,47.0,49.0
335.6865,51.0,47.0
335.81534,46.0,48.0
335.94415,52.0,42.0
336.07297,47.0,46.0
336.20178,49.0,52.0
336.3306,47.0,51.0
336.45938,51.0,51.0
336.58817,48.0,57.0
336.71698,51.0,52.0
336.8458,46.0,52.0
336.97455,51.0,49.0
337.1033,56.0,50.0
337.23212,47.0,57.0
337.36087,52.0,54.0
337.48965,48.0,58.0
337.6184,51.0,54.0
337.74716,51.0,48.0
337.87592,53.0,50.0
338.00467,56.0,49.0
338.1334,46.0,48.0
338.26218,53.0,48.0
338.39087,44.0,53.0
338.51962,49.0,47.0
338.64835,49.0,50.0
338.77707,53.0,50.0
338.9058,52.0,49.0
339.03452,51.0,47.0
339.1632,48.0,45.0
339.29193,46.0,47.0
339.4206,53.0,50.0
339.54932,52.0,51.0
339.67798,52.0,47.0
339.8067,50.0,52.0
339.93536,50.0,50.0
340.06406,49.0,48.0
340.1927,47.0,51.0
340.32135,52.0,49.0
340.45,43.0,50.0
340.57867,51.0,52.0
340.70734,50.0,42.0
340.83597,48.0,49.0
340.96463,49.0,51.0
341.09323,51.0,45.0
341.2219,47.0,49.0
341.3505,45.0,49.0
341.47913,51.0,51.0
341.60773,46.0,58.0
341.73636,52.0,58.0
341.86493,52.0,52.0
341.99356,50.0,52.0
342.12213,50.0,48.0
342.25073,49.0,42.0
342.3793,47.0,45.0
342.5079,45.0,48.0
342.63647,51.0,53.0
342.76505,51.0,48.0
342.8936,53.0,50.0
343.02216,52.0,58.0
343.1507,52.0,54.0
343.27927,54.0,53.0
343.4078,44.0,53.0
343.53632,46.0,50.0
343.66486,43.0,47.0
343.79337,44.0,47.0
343.9219,50.0,46.0
344.0504,52.0,48.0
344.17892,48.0,49.0
344.30743,50.0,47.0
344.43594,49.0,44.0
344.56442,50.0,54.0
344.6929,46.0,51.0
344.82138,50.0,55.0
344.94986,50.0,56.0
345.07834,52.0,49.0
345.20682,50.0,51.0
345.33527,53.0,56.0
345.4637,52.0,52.0
345.59216,49.0,47.0
345.7206,47.0,50.0
345.84903,52.0,47.0
345.97748,49.0,52.0
346.1059,52.0,45.0
346.2343,46.0,50.0
346.3627,49.0,49.0
346.49115,52.0,49.0
346.61954,51.0,51.0
346.7479,53.0,49.0
346.8763,51.0,46.0
347.0047,53.0,45.0
347.13306,50.0,52.0
347.2614,51.0,48.0
347.3898,49.0,51.0
347.51816,48.0,52.0
347.6465,44.0,49.0
347.77484,44.0,47.0
347.9032,43.0,43.0
348.03152,47.0,47.0
348.15988,47.0,51.0
348.28818,49.0,50.0
348.4165,48.0,50.0
348.5448,48.0,53.0
348.67313,45.0,47.0
348.8014,48.0,47.0
348.92972,45.0,48.0
349.05798,56.0,47.0
349.18628,54.0,51.0
349.31454,58.0,53.0
349.4428,55.0,52.0
349.57108,57.0,50.0
349.69934,51.0,50.0
349.82758,50.0,46.0
349.9558,49.0,49.0
350.08405,45.0,44.0
350.21228,51.0,46.0
350.34048,47.0,50.0
350.4687,51.0,50.0
350.59692,49.0,50.0
350.7251,48.0,53.0
350.8533,52.0,49.0
350.98148,48.0,47.0
351.10968,50.0,51.0
351.23785,49.0,51.0
351.36603,53.0,48.0
351.49417,51.0,53.0
351.62234,50.0,49.0
351.7505,47.0,52.0
351.87863,49.0,53.0
352.00677,50.0,48.0
352.13492,42.0,50.0
352.263,47.0,45.0
352.39114,47.0,48.0
352.51923,48.0,49.0
352.64734,51.0,46.0
352.77542,49.0,53.0
352.90353,49.0,55.0
353.03162,55.0,54.0
353.1597,60.0,48.0
353.28775,56.0,47.0
353.41583,54.0,46.0
353.54385,51.0,45.0
353.6719,51.0,50.0
353.79996,49.0,54.0
353.928,48.0,46.0
354.056,44.0,53.0
354.18402,47.0,52.0
354.31204,45.0,52.0
354.44003,45.0,51.0
354.56802,50.0,47.0
354.696,46.0,51.0
354.824,55.0,49.0
354.95197,55.0,50.0
355.07996,51.0,48.0
355.20792,53.0,48.0
355.33588,48.0,47.0
355.4638,47.0,50.0
355.59177,56.0,47.0
355.71967,60.0,51.0
355.84763,49.0,52.0
355.97552,51.0,50.0
356.10345,51.0,51.0
356.23132,51.0,50.0
356.35925,52.0,48.0
356.48712,47.0,47.0
356.61502,51.0,39.0
356.74286,50.0,49.0
356.87073,47.0,52.0
356.9986,49.0,52.0
357.12646,52.0,54.0
357.2543,46.0,55.0
357.3821,49.0,48.0
357.50995,49.0,49.0
357.63776,47.0,50.0
357.7656,51.0,47.0
357.89337,52.0,50.0
358.02118,51.0,53.0
358.14896,50.0,47.0
358.27676,52.0,47.0
358.4045,44.0,53.0
358.53232,51.0,47.0
358.66003,51.0,54.0
358.7878,50.0,53.0
358.91556,52.0,52.0
359.0433,48.0,58.0
359.17102,47.0,52.0
359.29874,50.0,48.0
359.42645,46.0,52.0
359.55417,54.0,48.0
359.68185,48.0,46.0
359.80954,53.0,40.0
359.93723,52.0,49.0
360.06488,54.0,52.0
360.19254,45.0,53.0
360.32022,47.0,50.0
360.44785,47.0,49.0
360.57547,45.0,51.0
360.70312,51.0,44.0
360.83075,43.0,50.0
360.95837,56.0,43.0
361.08597,53.0,47.0
361.2136,55.0,47.0
361.34116,60.0,47.0
361.46875,50.0,51.0
361.5963,50.0,48.0
361.7239,50.0,48.0
361.85144,50.0,46.0
361.979,49.0,47.0
362.10654,54.0,47.0
362.23407,53.0,56.0
362.3616,50.0,48.0
362.48914,49.0,51.0
362.6166,44.0,53.0
362.74414,49.0,52.0
362.8716,43.0,49.0
362.9991,50.0,50.0
363.1266,48.0,44.0
363.25403,52.0,46.0
363.3815,50.0,47.0
363.50897,47.0,46.0
363.63638,47.0,48.0
363.76382,49.0,50.0
363.89127,47.0,44.0
364.01868,44.0,47.0
364.1461,53.0,47.0
364.27347,51.0,47.0
364.40088,52.0,52.0
364.52823,53.0,52.0
364.6556,51.0,44.0
364.78296,53.0,50.0
364.91034,50.0,49.0
365.03766,50.0,51.0
365.16504,52.0,48.0
365.29233,47.0,48.0
365.41968,49.0,50.0
365.54697,49.0,49.0
365.6743,55.0,53.0
365.80157,49.0,52.0
365.92886,54.0,54.0
366.05612,45.0,53.0
366.1834,50.0,46.0
366.31067,47.0,55.0
366.43793,55.0,46.0
366.56516,47.0,49.0
366.69238,44.0,51.0
366.8196,51.0,52.0
366.9468,44.0,54.0
367.074,50.0,50.0
367.20123,50.0,50.0
367.3284,51.0,50.0
367.45557,51.0,45.0
367.58273,52.0,47.0
367.7099,55.0,48.0
367.83707,51.0,46.0
367.96417,53.0,48.0
368.09134,46.0,54.0
368.21844,53.0,53.0
368.34555,49.0,52.0
368.47266,50.0,51.0
368.59976,53.0,49.0
368.72684,48.0,51.0
368.8539,53.0,52.0
368.981,55.0,48.0
369.10806,57.0,48.0
369.23508,51.0,53.0
369.36212,53.0,43.0
369.48917,46.0,52.0
369.61618,49.0,45.0
369.7432,48.0,46.0
369.8702,47.0,47.0
369.99716,50.0,49.0
370.12415,50.0,49.0
370.25113,49.0,49.0
370.3781,46.0,49.0
370.50504,49.0,47.0
370.632,47.0,50.0
370.7589,53.0,47.0
370.88583,51.0,47.0
371.01276,47.0,46.0
371.13965,47.0,48.0
371.26657,44.0,50.0
371.39343,50.0,53.0
371.52032,51.0,47.0
371.6472,51.0,56.0
371.77405,51.0,46.0
371.90088,51.0,53.0
372.02774,51.0,49.0
372.15454,51.0,49.0
372.28137,51.0,50.0
372.40817,41.0,49.0
372.535,49.0,40.0
372.66177,45.0,50.0
372.78854,52.0,49.0
372.9153,47.0,47.0
373.04208,48.0,51.0
373.16882,46.0,52.0
373.29553,44.0,48.0
373.42227,46.0,43.0
373.549,47.0,52.0
373.67572,51.0,51.0
373.8024,46.0,49.0
373.9291,47.0,49.0
374.0558,53.0,53.0
374.18243,51.0,57.0
374.30908,49.0,53.0
374.43576,48.0,52.0
374.56238,57.0,52.0
374.68903,54.0,49.0
374.8156,50.0,46.0
374.94223,47.0,46.0
375.06882,55.0,47.0
375.19543,54.0,51.0
375.322,51.0,52.0
375.44858,52.0,51.0
375.5751,51.0,50.0
375.70166,47.0,41.0
375.8282,50.0,53.0
375.95474,53.0,49.0
376.08124,48.0,51.0
376.20776,46.0,43.0
376.33423,51.0,52.0
376.46072,50.0,47.0
376.5872,51.0,47.0
376.71365,44.0,55.0
376.8401,47.0,52.0
376.96652,49.0,53.0
377.09296,50.0,54.0
377.21942,52.0,52.0
377.3458,49.0,51.0
377.4722,47.0,52.0
377.5986,46.0,48.0
377.72495,47.0,53.0
377.85135,45.0,52.0
377.97766,50.0,48.0
378.10403,48.0,52.0
378.23035,49.0,45.0
378.3567,53.0,46.0
378.483,49.0,47.0
378.6093,54.0,46.0
378.7356,50.0,46.0
378.86188,50.0,46.0
378.98813,53.0,52.0
379.1144,55.0,48.0
379.24066,47.0,48.0
379.3669,49.0,46.0
379.4931,52.0,52.0
379.61935,47.0,52.0
379.74554,54.0,43.0
379.87173,50.0,48.0
379.99792,52.0,52.0
380.12408,51.0,47.0
380.25024,50.0,49.0
380.3764,52.0,44.0
380.50253,48.0,42.0
380.62866,47.0,47.0
380.7548,49.0,47.0
380.8809,51.0,47.0
381.007,48.0,48.0
381.13306,50.0,48.0
381.25916,48.0,49.0
381.3852,47.0,50.0
381.51126,58.0,51.0
381.63727,45.0,51.0
381.76334,49.0,52.0
381.8893,55.0,48.0
382.01535,56.0,39.0
382.14133,52.0,55.0
382.26733,58.0,49.0
382.39328,48.0,46.0
382.51926,49.0,44.0
382.6452,49.0,45.0
382.77115,42.0,47.0
382.89706,48.0,43.0
383.02298,46.0,53.0
383.14886,48.0,53.0
383.27475,50.0,48.0
383.40063,56.0,49.0
383.52652,50.0,46.0
383.65237,51.0,43.0
383.7782,50.0,50.0
383.90405,46.0,54.0
384.02988,54.0,51.0
384.1557,48.0,47.0
384.28146,49.0,51.0
384.4073,54.0,48.0
384.53305,51.0,49.0
384.6588,48.0,45.0
384.78455,47.0,47.0
384.9103,49.0,51.0
385.03604,43.0,51.0
385.16177,52.0,55.0
385.28745,49.0,57.0
385.41318,50.0,51.0
385.53885,47.0,51.0
385.66452,49.0,55.0
385.79016,49.0,49.0
385.91583,48.0,51.0
386.04144,49.0,52.0
386.16708,54.0,48.0
386.2927,55.0,48.0
386.4183,53.0,51.0
386.54388,56.0,42.0
386.66946,50.0,48.0
386.795,49.0,45.0
386.92056,48.0,49.0
387.0461,47.0,51.0
387.17166,52.0,50.0
387.29715,51.0,51.0
387.42264,51.0,49.0
387.54816,54.0,48.0
387.6736,52.0,47.0
387.7991,47.0,57.0
387.92453,52.0,54.0
388.05,52.0,51.0
388.1754,39.0,52.0
388.30084,50.0,40.0
388.42624,49.0,52.0
388.55167,50.0,52.0
388.67703,50.0,51.0
388.8024,44.0,49.0
388.92776,46.0,45.0
389.0531,45.0,48.0
389.17844,44.0,46.0
389.30377,49.0,50.0
389.42908,53.0,49.0
389.55438,48.0,51.0
389.67966,51.0,49.0
389.80493,56.0,47.0
389.93018,52.0,48.0
390.05542,53.0,47.0
390.18066,49.0,51.0
390.3059,53.0,52.0
390.4311,57.0,52.0
390.55627,57.0,54.0
390.6815,59.0,53.0
390.80667,53.0,50.0
390.93182,46.0,52.0
391.05695,50.0,51.0
391.1821,49.0,48.0
391.3072,43.0,51.0
391.43234,51.0,43.0
391.5574,51.0,53.0
391.68253,50.0,53.0
391.80756,47.0,49.0
391.93265,50.0,49.0
392.05768,47.0,51.0
392.18274,50.0,47.0
392.30774,51.0,44.0
392.43274,48.0,52.0
392.55774,51.0,45.0
392.6827,47.0,49.0
392.80768,54.0,52.0
392.93265,56.0,47.0
393.0576,52.0,48.0
393.1825,49.0,44.0
393.30743,51.0,44.0
393.43237,48.0,49.0
393.55725,50.0,52.0
393.6821,52.0,55.0
393.80698,51.0,56.0
393.93185,53.0,46.0
394.05667,53.0,49.0
394.1815,53.0,48.0
394.30634,56.0,46.0
394.43112,47.0,50.0
394.5559,52.0,43.0
394.68066,49.0,51.0
394.80545,55.0,48.0
394.93018,49.0,50.0
395.05493,52.0,52.0
395.17966,51.0,49.0
395.30438,51.0,44.0
395.42905,49.0,43.0
395.55377,45.0,51.0
395.6784,52.0,49.0
395.8031,52.0,50.0
395.9277,50.0,52.0
396.05237,54.0,48.0
396.17697,49.0,47.0
396.30154,49.0,48.0
396.42615,46.0,48.0
396.55075,54.0,50.0
396.6753,48.0,52.0
396.79984,48.0,47.0
396.92438,48.0,51.0
397.04892,47.0,51.0
397.17343,54.0,50.0
397.2979,46.0,51.0
397.42242,49.0,49.0
397.5469,47.0,45.0
397.67133,50.0,46.0
397.79578,53.0,45.0
397.92023,57.0,49.0
398.04462,61.0,49.0
398.16904,56.0,48.0
398.2934,53.0,44.0
398.4178,49.0,53.0
398.54214,53.0,44.0
398.6665,54.0,52.0
398.79083,53.0,51.0
398.91516,55.0,51.0
399.03946,54.0,52.0
399.16376,55.0,53.0
399.28802,49.0,47.0
399.4123,45.0,49.0
399.53656,45.0,48.0
399.6608,50.0,47.0
399.78503,49.0,50.0
399.9092,53.0,49.0
400.03345,52.0,50.0
400.15762,52.0,50.0
400.2818,50.0,48.0
400.4059,44.0,46.0
400.5301,47.0,46.0
400.65424,49.0,48.0
400.77832,52.0,36.0
400.9024,52.0,52.0
401.02652,55.0,49.0
401.15057,53.0,52.0
401.27466,53.0,52.0
401.39868,53.0,50.0
401.52274,48.0,49.0
401.64673,45.0,48.0
401.77075,46.0,50.0
401.8947,49.0,56.0
402.0187,51.0,55.0
402.14264,52.0,49.0
402.2666,47.0,49.0
402.39053,50.0,49.0
402.51443,49.0,48.0
402.63837,44.0,47.0
402.76227,52.0,46.0
402.8861,53.0,49.0
403.00998,50.0,49.0
403.13382,57.0,47.0
403.2577,55.0,53.0
403.38147,57.0,53.0
403.50528,52.0,53.0
403.6291,46.0,52.0
403.75287,42.0,45.0
403.87662,50.0,38.0
404.00034,49.0,49.0
404.12408,49.0,46.0
404.2478,49.0,51.0
404.37152,50.0,53.0
404.4952,48.0,48.0
404.6189,44.0,46.0
404.74252,48.0,46.0
404.86618,51.0,47.0
404.9898,53.0,51.0
405.11343,47.0,51.0
405.23703,55.0,48.0
405.36063,49.0,48.0
405.4842,50.0,52.0
405.60776,52.0,42.0
405.7313,41.0,49.0
405.85486,51.0,44.0
405.97833,48.0,44.0
406.10184,52.0,47.0
406.22534,52.0,43.0
406.34882,51.0,48.0
406.47226,45.0,50.0
406.59567,46.0,48.0
406.71912,49.0,46.0
406.84256,40.0,46.0
406.96594,54.0,41.0
407.0893,57.0,52.0
407.2127,56.0,48.0
407.33606,54.0,48.0
407.45938,55.0,49.0
407.5827,55.0,54.0
407.70602,54.0,47.0
407.82928,55.0,48.0
407.9526,53.0,47.0
408.07584,53.0,46.0
408.1991,52.0,47.0
408.32233,52.0,45.0
408.44556,51.0,51.0
408.56876,47.0,48.0
408.69196,45.0,48.0
408.81512,47.0,49.0
408.9383,49.0,46.0
409.06143,53.0,46.0
409.18454,54.0,52.0
409.30768,44.0,47.0
409.4308,47.0,49.0
409.55386,49.0,52.0
409.6769,47.0,54.0
409.8,55.0,50.0
409.92303,45.0,52.0
410.04605,53.0,38.0
410.16904,58.0,48.0
410.29205,57.0,50.0
410.41504,48.0,49.0
410.538,50.0,51.0
410.66092,49.0,51.0
410.78387,46.0,48.0
410.90677,50.0,50.0
411.0297,47.0,49.0
411.15256,56.0,45.0
411.27545,56.0,51.0
411.3983,50.0,54.0
411.52115,52.0,46.0
411.64395,52.0,43.0
411.76678,49.0,54.0
411.88956,49.0,51.0
412.01236,50.0,52.0
412.1351,52.0,44.0
412.25784,57.0,45.0
412.38058,58.0,45.0
412.50333,53.0,47.0
412.626,52.0,51.0
412.7487,51.0,53.0
412.87137,51.0,48.0
412.99405,46.0,46.0
413.11667,46.0,35.0
413.2393,54.0,51.0
413.3619,50.0,48.0
413.4845,48.0,51.0
413.6071,52.0,51.0
413.7296,50.0,48.0
413.85217,50.0,59.0
413.9747,52.0,50.0
414.09723,49.0,55.0
414.21973,53.0,53.0
414.34222,51.0,45.0
414.46466,53.0,52.0
414.58713,53.0,48.0
414.70956,50.0,49.0
414.832,50.0,53.0
414.95438,49.0,48.0
415.07678,50.0,46.0
415.19916,48.0,46.0
415.32153,53.0,46.0
415.44385,53.0,51.0
415.5662,50.0,51.0
415.68848,47.0,52.0
415.81076,46.0,53.0
415.93304,51.0,48.0
416.05533,45.0,49.0
416.17758,51.0,51.0
416.29977,50.0,49.0
416.422,50.0,48.0
416.54422,44.0,51.0
416.66638,51.0,51.0
416.78854,50.0,50.0
416.9107,47.0,54.0
417.03284,47.0,48.0
417.15497,52.0,47.0
417.27704,51.0,49.0
417.39917,51.0,48.0
417.5212,55.0,53.0
417.64328,49.0,46.0
417.7653,51.0,49.0
417.88733,51.0,48.0
418.00934,46.0,51.0
418.13135,52.0,45.0
418.2533,47.0,49.0
418.37527,49.0,45.0
418.4972,46.0,42.0
418.61914,45.0,48.0
418.74103,52.0,46.0
418.8629,50.0,48.0
418.9848,51.0,54.0
419.10666,52.0,49.0
419.2285,52.0,44.0
419.3503,57.0,52.0
419.47214,54.0,53.0
419.59393,53.0,51.0
419.7157,52.0,50.0
419.83746,56.0,50.0
419.9592,45.0,47.0
420.08096,55.0,53.0
420.20264,51.0,53.0
420.32434,52.0,51.0
420.446,51.0,44.0
420.56766,51.0,46.0
420.68933,50.0,50.0
420.81094,50.0,56.0
420.9326,50.0,49.0
421.05417,51.0,53.0
421.17575,52.0,50.0
421.2973,50.0,51.0
421.41885,49.0,55.0
421.54037,52.0,51.0
421.6619,49.0,51.0
421.7834,47.0,51.0
421.90485,47.0,49.0
422.02634,48.0,48.0
422.1478,43.0,53.0
422.26923,51.0,40.0
422.3906,44.0,51.0
422.51202,51.0,45.0
422.63342,48.0,47.0
422.75476,48.0,49.0
422.8761,54.0,46.0
422.99744,51.0,51.0
423.11877,49.0,52.0
423.24005,50.0,50.0
423.36133,59.0,53.0
423.48257,54.0,60.0
423.60382,51.0,51.0
423.72507,53.0,52.0
423.84625,47.0,49.0
423.96747,47.0,52.0
424.08862,44.0,49.0
424.2098,54.0,55.0
424.33093,55.0,55.0
424.4521,47.0,53.0
424.57318,49.0,41.0
424.69427,47.0,44.0
424.81534,44.0,48.0
424.9364,47.0,44.0
425.05743,52.0,49.0
425.17847,43.0,49.0
425.29947,53.0,40.0
425.42044,50.0,47.0
425.54144,56.0,47.0
425.6624,57.0,49.0
425.78333,51.0,50.0
425.90424,52.0,52.0
426.02518,46.0,52.0
426.14606,48.0,47.0
426.2669,45.0,57.0
426.38776,54.0,51.0
426.5086,49.0,50.0
426.62943,53.0,48.0
426.75024,57.0,50.0
426.871,57.0,54.0
426.9918,52.0,52.0
427.11252,49.0,56.0
427.23328,50.0,56.0
427.35397,48.0,52.0
427.47467,47.0,55.0
427.59534,50.0,50.0
427.71603,47.0,53.0
427.83664,49.0,51.0
427.9573,45.0,51.0
428.07788,54.0,47.0
428.1985,52.0,48.0
428.31906,52.0,44.0
428.4396,53.0,54.0
428.56015,54.0,50.0
428.6807,50.0,48.0
428.8012,50.0,47.0
428.92166,50.0,49.0
429.04214,44.0,50.0
429.16263,48.0,45.0
429.28305,49.0,53.0
429.40344,56.0,45.0
429.52386,50.0,46.0
429.64426,53.0,55.0
429.76462,52.0,51.0
429.88495,49.0,49.0
430.00528,49.0,52.0
430.12558,44.0,47.0
430.2459,54.0,49.0
430.36615,47.0,53.0
430.48645,52.0,47.0
430.60666,49.0,47.0
430.7269,53.0,45.0
430.8471,51.0,46.0
430.9673,52.0,45.0
431.08746,51.0,45.0
431.2076,38.0,47.0
431.32773,46.0,49.0
431.44785,54.0,51.0
431.56796,55.0,48.0
431.68805,59.0,48.0
431.8081,60.0,47.0
431.92813,58.0,52.0
432.0482,48.0,51.0
432.1682,52.0,47.0
432.28818,46.0,53.0
432.40814,52.0,52.0
432.5281,53.0,49.0
432.64807,47.0,48.0
432.76797,49.0,44.0
432.88788,47.0,46.0
433.00775,44.0,46.0
433.12762,46.0,52.0
433.24747,45.0,54.0
433.3673,46.0,54.0
433.48712,53.0,50.0
433.6069,54.0,48.0
433.72668,54.0,47.0
433.84644,51.0,47.0
433.9662,48.0,46.0
434.0859,47.0,47.0
434.20563,45.0,48.0
434.3253,54.0,49.0
434.44498,51.0,56.0
434.5646,55.0,48.0
434.68427,47.0,46.0
434.80386,46.0,42.0
434.92343,49.0,51.0
435.04303,44.0,54.0
435.1626,53.0,50.0
435.28214,49.0,56.0
435.40164,54.0,54.0
435.52115,48.0,54.0
435.64066,49.0,53.0
435.7601,55.0,53.0
435.87955,56.0,50.0
435.999,52.0,44.0
436.11838,47.0,52.0
436.2378,52.0,52.0
436.35718,47.0,49.0
436.47653,50.0,51.0
436.59586,53.0,45.0
436.7152,46.0,46.0
436.83447,50.0,45.0
436.95377,46.0,45.0
437.07303,45.0,52.0
437.1923,43.0,52.0
437.3115,49.0,46.0
437.43073,50.0,53.0
437.5499,56.0,49.0
437.6691,53.0,49.0
437.78824,54.0,51.0
437.90735,58.0,47.0
438.0265,46.0,49.0
438.1456,46.0,51.0
438.26468,45.0,48.0
438.38373,48.0,46.0
438.50278,47.0,51.0
438.62183,53.0,48.0
438.7408,51.0,48.0
438.85977,50.0,37.0
438.97876,55.0,45.0
439.09772,53.0,53.0
439.21664,49.0,52.0
439.33554,48.0,55.0
439.45444,52.0,55.0
439.5733,53.0,47.0
439.69217,51.0,46.0
439.811,48.0,47.0
439.92984,52.0,47.0
440.0486,53.0,50.0
440.16742,38.0,51.0
440.28616,48.0,48.0
440.4049,48.0,53.0
440.52362,49.0,51.0
440.64236,48.0,47.0
440.76102,48.0,47.0
440.87967,51.0,44.0
440.99835,44.0,46.0
441.11697,47.0,50.0
441.2356,57.0,51.0
441.35416,58.0,50.0
441.47275,50.0,55.0
441.5913,53.0,48.0
441.70984,49.0,47.0
441.82834,45.0,45.0
441.94687,51.0,48.0
442.06534,49.0,51.0
442.18378,48.0,52.0
442.30222,53.0,48.0
442.42065,49.0,48.0
442.53903,48.0,50.0
442.65744,52.0,49.0
442.7758,49.0,47.0
442.89417,49.0,50.0
443.01245,52.0,48.0
443.1308,49.0,49.0
443.24905,49.0,50.0
443.36734,48.0,52.0
443.48557,51.0,54.0
443.60382,48.0,45.0
443.72202,46.0,49.0
443.8402,48.0,52.0
443.95837,53.0,52.0
444.07657,57.0,54.0
444.19467,47.0,51.0
444.31277,55.0,49.0
444.43088,49.0,52.0
444.54898,52.0,52.0
444.66702,52.0,52.0
444.78503,41.0,49.0
444.90308,45.0,44.0
445.0211,48.0,47.0
445.13907,54.0,49.0
445.25702,47.0,50.0
445.37497,54.0,52.0
445.49286,51.0,54.0
445.61078,56.0,48.0
445.72867,57.0,46.0
445.84653,50.0,46.0
445.96436,55.0,48.0
446.0822,48.0,46.0
446.2,47.0,52.0
446.3178,52.0,48.0
446.43555,54.0,53.0
446.5533,51.0,51.0
446.67102,51.0,48.0
446.78876,47.0,47.0
446.90643,43.0,49.0
447.0241,49.0,45.0
447.14175,48.0,49.0
447.25937,51.0,51.0
447.37698,51.0,54.0
447.4946,52.0,51.0
447.61215,52.0,49.0
447.72968,48.0,46.0
447.84723,58.0,43.0
447.96475,52.0,46.0
448.08224,54.0,51.0
448.1997,48.0,52.0
448.31717,53.0,47.0
448.43463,48.0,44.0
448.552,50.0,47.0
448.6694,53.0,47.0
448.7868,45.0,50.0
448.9041,50.0,45.0
449.02148,42.0,47.0
449.1388,47.0,47.0
449.2561,50.0,47.0
449.37335,50.0,56.0
449.49063,47.0,50.0
449.60785,49.0,53.0
449.7251,51.0,51.0
449.84225,51.0,49.0
449.95944,51.0,46.0
450.0766,49.0,52.0
450.19373,50.0,53.0
450.31085,49.0,49.0
450.42798,56.0,52.0
450.54504,51.0,49.0
450.66208,55.0,51.0
450.7791,50.0,47.0
450.89618,57.0,44.0
451.01315,62.0,46.0
451.1301,56.0,50.0
451.24707,52.0,51.0
451.36404,50.0,55.0
451.48096,47.0,54.0
451.59784,46.0,53.0
451.71472,46.0,48.0
451.83157,48.0,49.0
451.94843,49.0,51.0
452.06522,52.0,53.0
452.18204,45.0,54.0
452.2988,50.0,52.0
452.4156,48.0,48.0
452.5323,47.0,52.0
452.64902,50.0,47.0
452.76572,47.0,46.0
452.88242,54.0,44.0
452.99905,58.0,46.0
453.11566,58.0,47.0
453.2323,50.0,48.0
453.3489,55.0,50.0
453.46548,48.0,54.0
453.58203,50.0,47.0
453.69858,47.0,50.0
453.81512,44.0,49.0
453.93158,54.0,49.0
454.04807,51.0,50.0
454.16452,52.0,53.0
454.28098,52.0,35.0
454.39737,48.0,50.0
454.51376,50.0,51.0
454.63016,53.0,50.0
454.7465,50.0,47.0
454.86285,42.0,50.0
454.97913,52.0,45.0
455.09546,48.0,48.0
455.2117,55.0,48.0
455.32797,52.0,49.0
455.44418,55.0,54.0
455.56042,54.0,49.0
455.6766,53.0,50.0
455.7928,48.0,44.0
455.90894,52.0,46.0
456.0251,53.0,52.0
456.14117,51.0,50.0
456.25726,54.0,50.0
456.37332,49.0,50.0
456.48935,52.0,52.0
456.6054,52.0,43.0
456.72144,40.0,48.0
456.8374,51.0,45.0
456.95334,49.0,45.0
457.0693,45.0,47.0
457.18524,47.0,45.0
457.30115,47.0,50.0
457.41702,48.0,52.0
457.5329,46.0,53.0
457.64874,47.0,48.0
457.76456,48.0,49.0
457.88034,53.0,42.0
457.99615,53.0,55.0
458.1119,58.0,50.0
458.22766,52.0,49.0
458.34335,54.0,48.0
458.45908,52.0,51.0
458.57474,49.0,48.0
458.69043,50.0,48.0
458.80603,48.0,48.0
458.92166,51.0,45.0
459.03726,47.0,47.0
459.15283,54.0,46.0
459.26837,53.0,50.0
459.3839,46.0,51.0
459.49942,50.0,50.0
459.61493,41.0,46.0
459.7304,52.0,46.0
459.84583,56.0,46.0
459.96127,54.0,46.0
460.0767,47.0,36.0
460.19208,53.0,48.0
460.30743,47.0,48.0
460.4228,49.0,52.0
460.53815,53.0,48.0
460.6534,44.0,48.0
460.7687,51.0,48.0
460.88397,50.0,50.0
460.9992,50.0,56.0
461.11444,49.0,57.0
461.2296,49.0,46.0
461.34482,49.0,54.0
461.45996,44.0,46.0
461.57513,47.0,46.0
461.69022,47.0,48.0
461.80533,53.0,47.0
461.9204,53.0,47.0
462.03546,54.0,54.0
462.15048,53.0,48.0
462.26547,51.0,46.0
462.3805,51.0,52.0
462.49548,49.0,48.0
462.6104,47.0,48.0
462.7253,52.0,45.0
462.84024,54.0,50.0
462.95514,54.0,42.0
463.07,50.0,57.0
463.1848,54.0,46.0
463.29965,50.0,52.0
463.4145,50.0,50.0
463.52924,49.0,51.0
463.64398,51.0,53.0
463.75876,51.0,53.0
463.87344,50.0,51.0
463.98816,47.0,52.0
464.1028,52.0,48.0
464.2175,50.0,49.0
464.33212,49.0,52.0
464.44675,51.0,45.0
464.5613,45.0,50.0
464.6759,51.0,50.0
464.79044,48.0,50.0
464.90497,50.0,51.0
465.01947,52.0,53.0
465.13397,50.0,53.0
465.2484,49.0,55.0
465.36288,45.0,53.0
465.4773,51.0,48.0
465.59167,48.0,48.0
465.70605,55.0,47.0
465.82043,54.0,37.0
465.93475,52.0,49.0
466.04904,52.0,49.0
466.16336,47.0,47.0
466.27765,52.0,51.0
466.39188,43.0,47.0
466.5061,52.0,53.0
466.62033,55.0,50.0
466.73453,56.0,50.0
466.84866,50.0,50.0
466.9628,52.0,46.0
467.07693,52.0,50.0
467.19104,46.0,54.0
467.3051,52.0,45.0
467.41916,45.0,51.0
467.53317,57.0,50.0
467.64722,54.0,52.0
467.76123,55.0,54.0
467.87518,52.0,54.0
467.9891,53.0,52.0
468.10306,50.0,47.0
468.21698,46.0,56.0
468.33084,52.0,49.0
468.4447,45.0,51.0
468.55856,48.0,49.0
468.6724,49.0,43.0
468.7862,47.0,50.0
468.89996,57.0,50.0
469.01373,46.0,51.0
469.12747,49.0,50.0
469.24118,51.0,48.0
469.35486,49.0,47.0
469.46854,49.0,46.0
469.5822,53.0,49.0
469.6958,52.0,50.0
469.8094,48.0,53.0
469.923,49.0,49.0
470.0366,46.0,48.0
470.15012,48.0,54.0
470.2636,49.0,53.0
470.37714,52.0,53.0
470.49057,48.0,45.0
470.60406,51.0,49.0
470.71747,46.0,51.0
470.83087,49.0,54.0
470.94427,48.0,53.0
471.05765,43.0,54.0
471.171,52.0,49.0
471.2843,48.0,51.0
471.3976,51.0,49.0
471.5109,57.0,39.0
471.62415,56.0,47.0
471.73737,50.0,48.0
471.8506,48.0,49.0
471.9638,44.0,51.0
472.07697,43.0,52.0
472.1901,53.0,52.0
472.30325,47.0,51.0
472.41635,58.0,46.0
472.52942,54.0,49.0
472.6425,51.0,48.0
472.75555,49.0,45.0
472.86856,47.0,51.0
472.98157,50.0,53.0
473.0945,45.0,47.0
473.2075,50.0,45.0
473.32043,48.0,46.0
473.43332,51.0,46.0
473.5462,50.0,48.0
473.65906,51.0,50.0
473.7719,51.0,44.0
473.88474,51.0,52.0
473.99753,50.0,51.0
474.1103,49.0,56.0
474.22305,52.0,52.0
474.33582,56.0,48.0
474.44852,53.0,50.0
474.5612,48.0,50.0
474.67386,50.0,50.0
474.78653,48.0,50.0
474.89914,40.0,53.0
475.01172,53.0,48.0
475.1243,47.0,49.0
475.23688,61.0,45.0
475.3494,56.0,47.0
475.4619,51.0,47.0
475.5744,50.0,49.0
475.6869,47.0,54.0
475.79932,48.0,52.0
475.91174,45.0,55.0
476.02414,51.0,52.0
476.13654,46.0,50.0
476.2489,50.0,45.0
476.3612,52.0,46.0
476.4735,48.0,47.0
476.58582,58.0,51.0
476.69812,50.0,53.0
476.81033,51.0,51.0
476.92255,50.0,50.0
477.03476,51.0,46.0
477.14697,49.0,39.0
477.2591,52.0,45.0
477.37122,52.0,47.0
477.48337,47.0,51.0
477.59546,50.0,52.0
477.70752,42.0,51.0
477.81955,50.0,55.0
477.93158,53.0,54.0
478.0436,44.0,47.0
478.15558,49.0,45.0
478.26752,50.0,45.0
478.3795,51.0,52.0
478.4914,44.0,51.0
478.60327,51.0,52.0
478.71515,48.0,51.0
478.827,54.0,48.0
478.93884,49.0,49.0
479.05063,54.0,46.0
479.16238,54.0,47.0
479.27417,51.0,49.0
479.3859,46.0,48.0
479.49762,47.0,49.0
479.60928,48.0,48.0
479.72095,47.0,51.0
479.8326,51.0,47.0
479.94424,45.0,44.0
480.05585,50.0,47.0
480.1674,51.0,47.0
480.27896,43.0,55.0
480.39053,55.0,55.0
480.502,42.0,49.0
480.6135,55.0,48.0
480.72498,54.0,54.0
480.83643,52.0,52.0
480.94785,52.0,50.0
481.05923,52.0,52.0
481.17062,53.0,55.0
481.28198,43.0,51.0
481.3933,50.0,47.0
481.5046,45.0,53.0
481.6159,52.0,53.0
481.72717,52.0,48.0
481.8384,47.0,47.0
481.94962,51.0,45.0
482.06082,49.0,46.0
482.17203,48.0,48.0
482.28314,48.0,50.0
482.39426,57.0,53.0
482.50537,51.0,55.0
482.61646,53.0,53.0
482.72754,53.0,40.0
482.83856,51.0,48.0
482.94955,57.0,47.0
483.06058,49.0,51.0
483.17157,48.0,52.0
483.2825,42.0,48.0
483.3934,48.0,46.0
483.50433,52.0,52.0
483.61523,51.0,47.0
483.72607,46.0,48.0
483.83688,48.0,43.0
483.94772,52.0,45.0
484.05853,54.0,47.0
484.16928,58.0,46.0
484.28,51.0,50.0
484.39075,51.0,51.0
484.50146,55.0,48.0
484.61212,50.0,49.0
484.72275,50.0,50.0
484.8334,53.0,47.0
484.94403,51.0,52.0
485.0546,43.0,51.0
485.16516,50.0,52.0
485.27567,48.0,52.0
485.3862,48.0,50.0
485.4967,52.0,43.0
485.60718,47.0,48.0
485.71762,49.0,45.0
485.82806,44.0,46.0
485.93848,43.0,50.0
486.04883,44.0,49.0
486.15918,50.0,47.0
486.26953,48.0,50.0
486.37985,53.0,49.0
486.49014,49.0,51.0
486.6004,47.0,49.0
486.71063,58.0,47.0
486.8209,51.0,46.0
486.93106,48.0,42.0
487.04123,50.0,47.0
487.1514,51.0,51.0
487.26154,50.0,54.0
487.37164,51.0,51.0
487.48172,47.0,52.0
487.5918,47.0,44.0
487.70184,48.0,48.0
487.81183,37.0,51.0
487.9218,50.0,50.0
488.0318,51.0,53.0
488.14172,51.0,53.0
488.25168,51.0,41.0
488.36157,47.0,49.0
488.47144,50.0,51.0
488.5813,46.0,52.0
488.69113,46.0,49.0
488.80093,36.0,47.0
488.9107,48.0,43.0
489.02048,51.0,54.0
489.13025,55.0,55.0
489.23996,52.0,51.0
489.34964,48.0,54.0
489.45932,51.0,57.0
489.56897,53.0,54.0
489.6786,53.0,48.0
489.78818,62.0,50.0
489.89777,52.0,51.0
490.00735,52.0,53.0
490.11685,56.0,48.0
490.22635,49.0,46.0
490.33588,47.0,48.0
490.44534,52.0,47.0
490.55478,49.0,51.0
490.66418,42.0,52.0
490.7736,47.0,50.0
490.88297,49.0,49.0
490.9923,49.0,53.0
491.10162,48.0,50.0
491.2109,47.0,47.0
491.3202,52.0,45.0
491.42947,52.0,46.0
491.5387,46.0,47.0
491.6479,49.0,40.0
491.75708,45.0,52.0
491.86627,52.0,51.0
491.9754,49.0,48.0
492.0845,47.0,50.0
492.1936,54.0,49.0
492.3027,53.0,48.0
492.41174,54.0,48.0
492.52075,52.0,52.0
492.62976,54.0,49.0
492.73877,46.0,54.0
492.8477,48.0,54.0
492.9566,50.0,51.0
493.06555,45.0,50.0
493.17444,46.0,44.0
493.2833,43.0,48.0
493.39212,48.0,47.0
493.50095,51.0,46.0
493.60977,48.0,49.0
493.7185,50.0,46.0
493.82724,48.0,48.0
493.93597,49.0,46.0
494.04468,49.0,48.0
494.15338,55.0,48.0
494.26202,45.0,51.0
494.37064,51.0,51.0
494.47925,48.0,51.0
494.58786,55.0,49.0
494.6964,50.0,51.0
494.80493,53.0,46.0
494.91345,50.0,49.0
495.02197,49.0,45.0
495.1304,53.0,50.0
495.23883,57.0,51.0
495.3473,52.0,51.0
495.4557,51.0,51.0
495.56406,52.0,52.0
495.6724,46.0,49.0
495.78073,46.0,49.0
495.88904,48.0,52.0
495.9973,47.0,47.0
496.10556,53.0,51.0
496.2138,49.0,51.0
496.32205,51.0,49.0
496.4302,51.0,39.0
496.53836,49.0,49.0
496.6465,50.0,47.0
496.75464,45.0,48.0
496.86273,54.0,49.0
496.9708,54.0,50.0
497.07883,57.0,56.0
497.18686,53.0,54.0
497.2949,57.0,50.0
497.40286,46.0,53.0
497.5108,46.0,48.0
497.61874,47.0,51.0
497.72665,46.0,51.0
497.83453,47.0,43.0
497.94238,51.0,54.0
498.05023,51.0,48.0
498.15805,50.0,50.0
498.26584,56.0,46.0
498.3736,53.0,55.0
498.48135,49.0,50.0
498.58908,49.0,53.0
498.69678,45.0,42.0
498.8044,50.0,46.0
498.91208,50.0,48.0
499.0197,52.0,45.0
499.12732,52.0,49.0
499.2349,49.0,51.0
499.34247,50.0,49.0
499.45,48.0,50.0
499.5575,47.0,52.0
499.66498,47.0,52.0
499.77243,50.0,50.0
499.87988,45.0,57.0
499.9873,55.0,57.0
500.09467,47.0,54.0
500.20203,50.0,55.0
500.3094,50.0,53.0
500.41672,44.0,52.0
500.52402,47.0,49.0
500.63126,44.0,46.0
500.73853,49.0,47.0
500.84576,49.0,49.0
500.95297,51.0,51.0
501.06012,48.0,53.0
501.1673,53.0,48.0
501.27444,51.0,45.0
501.38156,49.0,50.0
501.48862,53.0,47.0
501.5957,56.0,53.0
501.70276,52.0,52.0
501.80975,50.0,47.0
501.91672,51.0,52.0
502.0237,47.0,50.0
502.13068,45.0,46.0
502.23758,44.0,49.0
502.34445,49.0,47.0
502.45132,56.0,48.0
502.55817,55.0,49.0
502.665,58.0,49.0
502.77182,49.0,52.0
502.87857,49.0,52.0
502.98535,53.0,53.0
503.0921,49.0,46.0
503.1988,49.0,46.0
503.30545,49.0,47.0
503.41214,52.0,51.0
503.5188,50.0,52.0
503.62537,56.0,48.0
503.73196,52.0,56.0
503.83853,52.0,49.0
503.9451,51.0,44.0
504.0516,41.0,50.0
504.15808,46.0,47.0
504.26456,49.0,47.0
504.37103,50.0,52.0
504.47745,50.0,46.0
504.58383,52.0,53.0
504.69022,51.0,46.0
504.79657,50.0,50.0
504.9029,48.0,47.0
505.0092,52.0,51.0
505.11545,56.0,51.0
505.22174,59.0,56.0
505.32797,50.0,49.0
505.43417,49.0,47.0
505.54034,47.0,48.0
505.6465,51.0,53.0
505.7527,49.0,44.0
505.8588,50.0,46.0
505.96484,51.0,40.0
506.07095,51.0,45.0
506.177,47.0,47.0
506.28302,55.0,46.0
506.38898,51.0,52.0
506.495,47.0,48.0
506.60095,52.0,50.0
506.70685,47.0,51.0
506.81274,49.0,55.0
506.91864,54.0,53.0
507.0245,53.0,53.0
507.1303,46.0,41.0
507.2361,47.0,50.0
507.34192,51.0,50.0
507.4477,45.0,53.0
507.5534,52.0,48.0
507.65912,38.0,47.0
507.7648,50.0,42.0
507.87048,48.0,45.0
507.9761,49.0,49.0
508.08173,51.0,51.0
508.1873,49.0,50.0
508.29288,50.0,52.0
508.39844,46.0,52.0
508.50394,45.0,49.0
508.60944,46.0,56.0
508.7149,56.0,49.0
508.82037,53.0,50.0
508.92578,51.0,52.0
509.0312,52.0,54.0
509.13657,56.0,48.0
509.24194,50.0,55.0
509.34726,48.0,53.0
509.45255,49.0,52.0
509.55786,49.0,50.0
509.66312,54.0,50.0
509.76834,46.0,43.0
509.87354,53.0,47.0
509.97876,52.0,50.0
510.08392,44.0,56.0
510.18906,50.0,54.0
510.29416,43.0,51.0
510.39926,49.0,52.0
510.50433,53.0,50.0
510.60938,57.0,56.0
510.7144,50.0,53.0
510.81937,51.0,50.0
510.92435,53.0,52.0
511.0293,46.0,52.0
511.13422,52.0,57.0
511.2391,50.0,52.0
511.344,52.0,47.0
511.44885,51.0,48.0
511.55368,60.0,51.0
511.65848,51.0,52.0
511.76328,50.0,53.0
511.86804,50.0,52.0
511.97278,49.0,48.0
512.07745,51.0,48.0
512.1821,49.0,49.0
512.28687,51.0,50.0
512.3915,53.0,49.0
512.49603,51.0,48.0
512.60065,49.0,48.0
512.70526,49.0,48.0
512.80975,53.0,54.0
512.9143,51.0,43.0
513.0188,50.0,44.0
513.1233,49.0,42.0
513.2277,54.0,50.0
513.3321,50.0,51.0
513.4365,48.0,54.0
513.5409,51.0,60.0
513.64526,46.0,55.0
513.7496,50.0,58.0
513.8539,45.0,52.0
513.9581,50.0,52.0
514.06244,52.0,48.0
514.1666,52.0,53.0
514.2708,49.0,53.0
514.375,48.0,48.0
514.4792,48.0,48.0
514.5833,44.0,52.0
514.68744,52.0,53.0
514.7915,44.0,53.0
514.89557,51.0,54.0
514.99963,53.0,42.0
515.10364,48.0,57.0
515.20764,57.0,57.0
515.3116,49.0,61.0
515.4155,47.0,55.0
515.5194,44.0,52.0
515.62335,50.0,49.0
515.72723,46.0,58.0
515.83105,53.0,52.0
515.9349,52.0,51.0
516.0387,51.0,53.0
516.14246,51.0,52.0
516.2462,42.0,54.0
516.3499,52.0,59.0
516.4536,47.0,55.0
516.5573,52.0,56.0
516.661,50.0,55.0
516.7646,55.0,57.0
516.86816,50.0,56.0
516.9718,48.0,56.0
517.0754,51.0,53.0
517.1789,44.0,54.0
517.2824,50.0,49.0
517.38586,45.0,48.0
517.4894,51.0,50.0
517.5928,57.0,49.0
517.69617,57.0,49.0
517.7996,50.0,53.0
517.90295,49.0,47.0
518.0063,52.0,51.0
518.1096,44.0,55.0
518.2129,52.0,42.0
518.3162,47.0,55.0
518.41943,50.0,48.0
518.52264,50.0,46.0
518.62585,58.0,58.0
518.72906,53.0,57.0
518.8322,48.0,55.0
518.9353,49.0,59.0
519.0384,46.0,55.0
519.1415,50.0,53.0
519.24457,51.0,51.0
519.34753,51.0,50.0
519.45056,52.0,51.0
519.5535,45.0,48.0
519.65656,50.0,49.0
519.75946,49.0,54.0
519.86237,53.0,55.0
519.9653,51.0,52.0
520.0681,52.0,54.0
520.17096,53.0,50.0
520.27374,54.0,53.0
520.3765,55.0,51.0
520.4793,48.0,53.0
520.58203,52.0,55.0
520.68475,40.0,53.0
520.7875,53.0,43.0
520.89014,50.0,51.0
520.9928,51.0,51.0
521.0954,52.0,53.0
521.198,46.0,56.0
521.3006,49.0,57.0
521.40314,48.0,54.0
521.5056,52.0,58.0
521.60815,50.0,60.0
521.71063,53.0,56.0
521.8131,50.0,52.0
521.9155,48.0,51.0
522.0179,51.0,56.0
522.1203,44.0,54.0
522.22266,47.0,55.0
522.32495,45.0,54.0
522.42725,50.0,56.0
522.52954,50.0,49.0
522.63184,52.0,52.0
522.7341,50.0,48.0
522.83624,57.0,57.0
522.9385,56.0,59.0
523.04065,55.0,58.0
523.14276,52.0,55.0
523.2449,43.0,57.0
523.347,49.0,52.0
523.44904,51.0,62.0
523.5511,47.0,60.0
523.6531,48.0,50.0
523.7551,48.0,56.0
523.85706,45.0,60.0
523.95905,42.0,63.0
524.0609,50.0,62.0
524.16284,47.0,58.0
524.2647,53.0,52.0
524.3666,56.0,48.0
524.4684,53.0,51.0
524.5702,57.0,51.0
524.67194,52.0,47.0
524.77374,47.0,49.0
524.8754,45.0,49.0
524.9771,48.0,51.0
525.07886,48.0,56.0
525.1805,52.0,52.0
525.2821,51.0,55.0
525.3837,52.0,56.0
525.48535,58.0,55.0
525.5869,50.0,56.0
525.6884,49.0,57.0
525.7899,41.0,58.0
525.8914,49.0,49.0
525.9929,48.0,51.0
526.09436,53.0,49.0
526.19574,51.0,54.0
526.2971,54.0,51.0
526.3985,52.0,55.0
526.4999,47.0,53.0
526.60114,52.0,53.0
526.70245,45.0,55.0
526.8038,52.0,57.0
526.90497,49.0,59.0
527.0062,47.0,57.0
527.10736,57.0,54.0
527.20856,56.0,50.0
527.30975,52.0,59.0
527.4109,51.0,57.0
527.51196,53.0,57.0
527.61304,45.0,57.0
527.7141,52.0,51.0
527.8151,47.0,54.0
527.91614,48.0,53.0
528.0171,54.0,53.0
528.1181,46.0,54.0
528.219,48.0,54.0
528.3199,40.0,49.0
528.42084,54.0,52.0
528.52167,54.0,59.0
528.6225,51.0,54.0
528.7233,49.0,58.0
528.8241,54.0,55.0
528.9249,62.0,53.0
529.02563,53.0,56.0
529.12634,51.0,60.0
529.22705,51.0,59.0
529.32776,50.0,55.0
529.42834,47.0,54.0
529.529,45.0,44.0
529.6295,51.0,53.0
529.73016,48.0,49.0
529.8307,50.0,50.0
529.9312,47.0,50.0
530.0317,57.0,54.0
530.1322,54.0,56.0
530.23267,51.0,58.0
530.33307,55.0,64.0
530.4335,53.0,61.0
530.5339,54.0,60.0
530.6342,51.0,61.0
530.73456,51.0,57.0
530.83484,51.0,58.0
530.9351,56.0,53.0
531.0354,52.0,60.0
531.1356,53.0,52.0
531.23584,45.0,51.0
531.33606,47.0,54.0
531.4362,52.0,60.0
531.5364,45.0,63.0
531.6365,47.0,61.0
531.7366,48.0,57.0
531.8367,48.0,56.0
531.93665,50.0,57.0
532.0367,54.0,58.0
532.13666,47.0,56.0
532.23663,46.0,55.0
532.3366,57.0,49.0
532.4365,57.0,53.0
532.5364,53.0,52.0
532.6363,50.0,60.0
532.73615,49.0,64.0
532.83594,52.0,72.0
532.9357,47.0,67.0
533.0355,46.0,67.0
533.1353,52.0,67.0
533.23505,53.0,66.0
533.3347,40.0,56.0
533.43445,51.0,49.0
533.5341,46.0,56.0
533.6337,53.0,60.0
533.73334,47.0,56.0
533.8329,50.0,59.0
533.9325,55.0,60.0
534.032,53.0,57.0
534.13153,47.0,61.0
534.231,49.0,57.0
534.3305,53.0,60.0
534.42993,46.0,58.0
534.52936,47.0,52.0
534.6287,48.0,53.0
534.72815,46.0,53.0
534.82745,48.0,52.0
534.92676,45.0,51.0
535.02606,46.0,50.0
535.12537,48.0,50.0
535.2246,51.0,51.0
535.3238,46.0,57.0
535.423,52.0,54.0
535.5222,47.0,60.0
535.62134,47.0,58.0
535.72046,47.0,60.0
535.8196,44.0,60.0
535.91864,50.0,60.0
536.01776,48.0,67.0
536.11676,48.0,59.0
536.21576,49.0,56.0
536.31476,54.0,55.0
536.4137,55.0,54.0
536.51263,54.0,54.0
536.6116,54.0,60.0
536.71045,46.0,54.0
536.8093,54.0,53.0
536.90814,48.0,55.0
537.00696,52.0,58.0
537.1058,53.0,55.0
537.2045,51.0,57.0
537.3033,47.0,53.0
537.402,43.0,55.0
537.5007,48.0,56.0
537.59937,54.0,59.0
537.698,53.0,61.0
537.79663,53.0,66.0
537.8952,51.0,62.0
537.99384,52.0,61.0
538.0924,45.0,61.0
538.1909,46.0,60.0
538.28937,50.0,57.0
538.3879,49.0,48.0
538.4864,50.0,55.0
538.5848,51.0,55.0
538.68317,51.0,56.0
538.78156,53.0,58.0
538.87994,53.0,57.0
538.9783,44.0,54.0
539.0766,50.0,53.0
539.17487,48.0,53.0
539.2732,58.0,54.0
539.3714,60.0,59.0
539.4696,49.0,54.0
539.5678,61.0,55.0
539.666,57.0,52.0
539.7641,60.0,50.0
539.86224,52.0,54.0
539.9603,52.0,62.0
540.0584,49.0,65.0
540.1565,52.0,60.0
540.25446,48.0,62.0
540.3525,50.0,60.0
540.45044,52.0,60.0
540.5484,43.0,57.0
540.64636,51.0,56.0
540.74426,45.0,49.0
540.84216,50.0,53.0
540.94,53.0,57.0
541.03784,51.0,60.0
541.1356,45.0,58.0
541.2334,46.0,59.0
541.3312,47.0,58.0
541.42896,47.0,60.0
541.5266,57.0,62.0
541.6243,58.0,68.0
541.72205,50.0,64.0
541.81964,49.0,62.0
541.91724,49.0,57.0
542.0149,52.0,67.0
542.1124,47.0,62.0
542.20996,45.0,69.0
542.3075,44.0,63.0
542.405,50.0,58.0
542.5025,47.0,54.0
542.5999,53.0,58.0
542.6973,50.0,65.0
542.79474,51.0,63.0
542.89215,52.0,67.0
542.9895,53.0,69.0
543.08685,57.0,71.0
543.18414,48.0,72.0
543.28143,54.0,75.0
543.3787,43.0,70.0
543.47595,50.0,61.0
543.5731,50.0,60.0
543.67035,51.0,64.0
543.7675,49.0,59.0
543.8646,49.0,63.0
543.96173,51.0,59.0
544.05884,53.0,59.0
544.15594,49.0,59.0
544.253,51.0,59.0
544.35,52.0,67.0
544.44696,50.0,63.0
544.544,52.0,52.0
544.6409,53.0,50.0
544.73785,54.0,56.0
544.8348,59.0,54.0
544.93164,58.0,61.0
545.0285,60.0,53.0
545.1253,57.0,64.0
545.2221,56.0,57.0
545.3189,57.0,56.0
545.41565,53.0,56.0
545.5124,52.0,57.0
545.60913,43.0,54.0
545.70575,56.0,49.0
545.8025,51.0,58.0
545.8991,55.0,54.0
545.9957,49.0,61.0
546.09235,49.0,60.0
546.1889,52.0,56.0
546.28546,47.0,59.0
546.38196,50.0,56.0
546.47845,53.0,60.0
546.57495,53.0,58.0
546.6714,47.0,58.0
546.7678,47.0,62.0
546.86426,48.0,64.0
546.96063,48.0,70.0
547.057,53.0,67.0
547.1533,46.0,61.0
547.2496,48.0,55.0
547.34595,51.0,52.0
547.4422,48.0,61.0
547.5384,52.0,64.0
547.6346,48.0,64.0
547.7308,46.0,66.0
547.82697,46.0,64.0
547.9231,47.0,61.0
548.0192,45.0,64.0
548.11536,56.0,56.0
548.2114,53.0,62.0
548.30743,50.0,60.0
548.40344,49.0,64.0
548.49945,45.0,65.0
548.59546,51.0,63.0
548.6914,48.0,60.0
548.78735,49.0,56.0
548.8833,51.0,57.0
548.9792,53.0,58.0
549.075,53.0,53.0
549.17084,56.0,54.0
549.2666,57.0,59.0
549.3625,52.0,60.0
549.4582,51.0,56.0
549.55396,47.0,52.0
549.6497,50.0,54.0
549.74536,56.0,51.0
549.84106,55.0,55.0
549.93665,51.0,61.0
550.0323,49.0,51.0
550.1279,50.0,60.0
550.2235,51.0,62.0
550.31903,57.0,62.0
550.41455,49.0,60.0
550.51,56.0,55.0
550.6056,53.0,68.0
550.701,54.0,67.0
550.79645,48.0,66.0
550.8919,51.0,69.0
550.98724,50.0,69.0
551.0826,45.0,63.0
551.1779,52.0,61.0
551.27325,51.0,61.0
551.3686,56.0,59.0
551.4638,53.0,63.0
551.5591,48.0,58.0
551.65436,47.0,57.0
551.7495,48.0,55.0
551.84467,46.0,58.0
551.9398,51.0,52.0
552.0349,53.0,55.0
552.13007,45.0,57.0
552.22516,52.0,54.0
552.3202,48.0,53.0
552.4153,56.0,56.0
552.51025,56.0,58.0
552.6052,46.0,60.0
552.7002,46.0,57.0
552.7951,43.0,56.0
552.8901,50.0,56.0
552.985,50.0,56.0
553.07983,53.0,57.0
553.1747,49.0,55.0
553.2695,48.0,61.0
553.3643,55.0,60.0
553.45905,57.0,62.0
553.55383,60.0,57.0
553.64856,57.0,55.0
553.7433,60.0,55.0
553.83795,57.0,53.0
553.9326,55.0,55.0
554.0272,56.0,60.0
554.1219,52.0,64.0
554.21643,54.0,64.0
554.311,57.0,61.0
554.4056,59.0,63.0
554.5001,55.0,63.0
554.59454,57.0,63.0
554.689,53.0,70.0
554.78345,52.0,61.0
554.8779,52.0,52.0
554.97235,49.0,55.0
555.0667,52.0,56.0
555.161,48.0,58.0
555.2554,53.0,59.0
555.34973,55.0,59.0
555.444,57.0,51.0
555.5382,55.0,52.0
555.6325,55.0,53.0
555.7267,53.0,60.0
555.82086,47.0,60.0
555.91504,52.0,57.0
556.00916,49.0,57.0
556.10333,59.0,56.0
556.19745,59.0,58.0
556.2915,59.0,63.0
556.38556,54.0,63.0
556.4796,55.0,65.0
556.5736,57.0,61.0
556.66754,57.0,66.0
556.7615,54.0,60.0
556.85547,51.0,56.0
556.9494,51.0,55.0
557.0433,51.0,56.0
557.13715,48.0,54.0
557.231,50.0,57.0
557.3248,52.0,62.0
557.4186,54.0,60.0
557.5123,47.0,60.0
557.60614,54.0,58.0
557.6998,54.0,65.0
557.7936,55.0,58.0
557.8872,57.0,59.0
557.98083,57.0,62.0
558.0745,57.0,62.0
558.16815,55.0,64.0
558.2617,59.0,72.0
558.35535,58.0,71.0
558.44885,55.0,68.0
558.54236,57.0,68.0
558.6358,57.0,66.0
558.7293,55.0,72.0
558.82275,57.0,61.0
558.9162,55.0,71.0
559.0096,54.0,69.0
559.103,61.0,64.0
559.19635,61.0,66.0
559.2897,61.0,63.0
559.38293,61.0,66.0
559.47626,59.0,63.0
559.5695,58.0,58.0
559.6628,65.0,57.0
559.756,64.0,59.0
559.84924,59.0,57.0
559.9424,69.0,57.0
560.0355,64.0,61.0
560.1286,75.0,55.0
560.2217,72.0,53.0
560.3148,63.0,53.0
560.4079,69.0,53.0
560.5009,65.0,63.0
560.5939,64.0,66.0
560.6869,62.0,62.0
560.7799,62.0,63.0
560.8728,67.0,62.0
560.9657,68.0,57.0
561.05865,72.0,59.0
561.1515,78.0,68.0
561.2443,83.0,66.0
561.33716,89.0,68.0
561.42993,105.0,77.0
561.52277,105.0,69.0
561.61554,109.0,63.0
561.70825,126.0,63.0
561.80096,164.0,55.0
561.8937,209.0,61.0
561.9863,243.0,63.0
562.0789,304.0,69.0
562.1716,357.0,66.0
562.2642,425.0,67.0
562.35675,497.0,66.0
562.4493,571.0,66.0
562.5418,621.0,64.0
562.6343,654.0,72.0
562.7268,690.0,70.0
562.8193,730.0,61.0
562.9117,755.0,76.0
563.00415,784.0,69.0
563.09656,795.0,73.0
563.1889,796.0,78.0
563.2812,807.0,69.0
563.37354,791.0,69.0
563.4659,772.0,73.0
563.5581,739.0,77.0
563.6504,701.0,78.0
563.7427,649.0,79.0
563.83484,595.0,65.0
563.927,518.0,65.0
564.01917,459.0,62.0
564.11127,400.0,52.0
564.2034,345.0,64.0
564.29553,312.0,63.0
564.3876,278.0,59.0
564.4797,234.0,64.0
564.5717,199.0,63.0
564.6637,159.0,65.0
564.7557,137.0,60.0
564.8476,115.0,65.0
564.9396,111.0,62.0
565.0315,99.0,57.0
565.12335,83.0,61.0
565.2152,72.0,69.0
565.307,66.0,60.0
565.3989,74.0,58.0
565.49066,67.0,53.0
565.58246,69.0,52.0
565.67426,74.0,54.0
565.7659,73.0,59.0
565.85767,75.0,53.0
565.94934,74.0,55.0
566.04095,79.0,56.0
566.1327,72.0,62.0
566.22424,67.0,60.0
566.31586,62.0,68.0
566.4075,51.0,60.0
566.499,54.0,62.0
566.5905,53.0,62.0
566.682,53.0,52.0
566.7735,48.0,57.0
566.865,51.0,61.0
566.9564,58.0,62.0
567.0478,59.0,58.0
567.1392,60.0,58.0
567.2306,59.0,56.0
567.3219,60.0,61.0
567.4132,58.0,60.0
567.5045,60.0,62.0
567.5958,57.0,65.0
567.6871,63.0,64.0
567.7783,57.0,62.0
567.8695,57.0,59.0
567.9607,62.0,58.0
568.0519,63.0,53.0
568.143,59.0,57.0
568.23413,60.0,60.0
568.32526,64.0,65.0
568.4163,59.0,68.0
568.5074,67.0,54.0
568.5984,68.0,62.0
568.6894,59.0,53.0
568.78046,60.0,52.0
568.8714,60.0,58.0
568.96234,58.0,53.0
569.0533,55.0,54.0
569.14417,57.0,64.0
569.23505,54.0,61.0
569.32587,57.0,59.0
569.4167,50.0,57.0
569.5075,54.0,54.0
569.5983,56.0,52.0
569.689,51.0,53.0
569.7798,52.0,57.0
569.8705,53.0,55.0
569.96124,55.0,59.0
570.0519,54.0,56.0
570.1425,64.0,59.0
570.2332,60.0,58.0
570.3238,57.0,56.0
570.41437,55.0,62.0
570.50494,53.0,59.0
570.59546,54.0,68.0
570.68604,53.0,68.0
570.7765,51.0,71.0
570.86694,53.0,72.0
570.95746,48.0,71.0
571.04785,54.0,62.0
571.13824,57.0,55.0
571.22864,56.0,55.0
571.319,55.0,60.0
571.40936,54.0,65.0
571.49963,57.0,65.0
571.58997,61.0,56.0
571.6803,59.0,59.0
571.7705,60.0,57.0
571.8607,64.0,56.0
571.9509,55.0,58.0
572.0411,62.0,61.0
572.1313,58.0,60.0
572.22144,59.0,59.0
572.3115,52.0,59.0
572.4016,59.0,57.0
572.4917,53.0,62.0
572.5818,57.0,52.0
572.6718,55.0,52.0
572.7618,54.0,58.0
572.8518,64.0,57.0
572.9418,56.0,62.0
573.0317,54.0,63.0
573.1216,57.0,60.0
573.2115,58.0,57.0
573.3014,59.0,63.0
573.39124,60.0,58.0
573.4811,60.0,63.0
573.5709,54.0,66.0
573.6607,58.0,64.0
573.7504,57.0,65.0
573.8402,59.0,72.0
573.9299,65.0,71.0
574.01965,63.0,71.0
574.1093,68.0,71.0
574.199,68.0,77.0
574.28864,70.0,73.0
574.37823,71.0,76.0
574.4678,68.0,69.0
574.5574,61.0,70.0
574.6469,65.0,60.0
574.73645,65.0,58.0
574.8259,61.0,57.0
574.9154,61.0,61.0
575.0049,54.0,63.0
575.0943,52.0,62.0
575.1838,50.0,54.0
575.27313,55.0,59.0
575.3625,56.0,65.0
575.4519,58.0,61.0
575.5412,56.0,58.0
575.6305,53.0,59.0
575.7198,58.0,59.0
575.809,54.0,62.0
575.8983,54.0,65.0
575.9875,52.0,66.0
576.0767,56.0,68.0
576.1659,54.0,64.0
576.25507,53.0,72.0
576.3442,55.0,71.0
576.4333,56.0,71.0
576.52234,56.0,62.0
576.61145,52.0,59.0
576.7005,59.0,59.0
576.7895,56.0,56.0
576.8785,59.0,60.0
576.96747,58.0,60.0
577.05646,56.0,57.0
577.1454,60.0,60.0
577.2343,58.0,60.0
577.32324,59.0,61.0
577.4121,57.0,62.0
577.5009,55.0,59.0
577.5897,52.0,64.0
577.6785,57.0,59.0
577.7674,58.0,58.0
577.85614,55.0,57.0
577.9449,61.0,56.0
578.0336,59.0,61.0
578.1223,65.0,61.0
578.211,68.0,62.0
578.2996,70.0,70.0
578.38824,67.0,64.0
578.4769,67.0,60.0
578.5655,62.0,60.0
578.65405,56.0,52.0
578.7426,61.0,57.0
578.8312,57.0,52.0
578.9197,65.0,49.0
579.0081,62.0,59.0
579.09656,63.0,56.0
579.18506,59.0,56.0
579.27344,53.0,63.0
579.3619,55.0,61.0
579.4502,56.0,62.0
579.5386,53.0,61.0
579.62695,51.0,57.0
579.7153,54.0,62.0
579.8035,48.0,64.0
579.89185,50.0,65.0
579.9801,53.0,59.0
580.0683,47.0,57.0
580.1565,46.0,52.0
580.2447,52.0,54.0
580.3329,52.0,50.0
580.421,55.0,58.0
580.5091,52.0,59.0
580.5973,54.0,63.0
580.6853,56.0,60.0
580.7734,59.0,59.0
580.8614,59.0,60.0
580.9494,55.0,64.0
581.0374,59.0,64.0
581.1254,61.0,61.0
581.2133,56.0,54.0
581.30133,61.0,56.0
581.3892,59.0,66.0
581.4771,56.0,63.0
581.56494,55.0,66.0
581.6528,57.0,66.0
581.74066,59.0,65.0
581.8284,58.0,67.0
581.9162,62.0,67.0
582.00397,68.0,62.0
582.0917,64.0,57.0
582.17944,73.0,53.0
582.26715,78.0,50.0
582.3548,70.0,52.0
582.4425,59.0,52.0
582.53015,56.0,55.0
582.61774,54.0,55.0
582.7053,59.0,53.0
582.79285,56.0,52.0
582.8805,56.0,55.0
582.968,57.0,50.0
583.0555,57.0,55.0
583.143,52.0,56.0
583.23047,55.0,58.0
583.31793,56.0,58.0
583.40533,57.0,65.0
583.49274,56.0,62.0
583.58014,57.0,62.0
583.6675,58.0,55.0
583.7548,55.0,53.0
583.8421,62.0,56.0
583.9294,62.0,56.0
584.0167,52.0,57.0
584.104,54.0,53.0
584.1912,55.0,61.0
584.27844,59.0,55.0
584.36566,58.0,61.0
584.4528,58.0,58.0
584.54,58.0,63.0
584.6271,48.0,59.0
584.71423,53.0,64.0
584.80133,48.0,63.0
584.88837,51.0,59.0
584.97546,49.0,60.0
585.0625,51.0,60.0
585.1495,54.0,56.0
585.23645,50.0,57.0
585.3234,53.0,59.0
585.4104,54.0,58.0
585.4973,61.0,58.0
585.5842,57.0,54.0
585.67114,60.0,53.0
585.758,56.0,56.0
585.84485,53.0,63.0
585.93164,50.0,60.0
586.01843,53.0,63.0
586.1052,55.0,58.0
586.192,54.0,58.0
586.27875,58.0,63.0
586.3654,59.0,64.0
586.45215,53.0,63.0
586.5388,55.0,60.0
586.6255,54.0,63.0
586.7121,55.0,59.0
586.79877,55.0,56.0
586.8854,58.0,61.0
586.9719,59.0,59.0
587.0585,53.0,53.0
587.14496,54.0,49.0
587.23157,55.0,55.0
587.31805,63.0,56.0
587.4045,56.0,52.0
587.49097,58.0,57.0
587.5774,59.0,57.0
587.6638,61.0,60.0
587.7502,60.0,57.0
587.83655,66.0,66.0
587.9229,53.0,65.0
588.0093,54.0,68.0
588.0956,57.0,57.0
588.1819,55.0,57.0
588.2681,57.0,55.0
588.3544,60.0,56.0
588.4406,57.0,56.0
588.5268,54.0,59.0
588.61304,55.0,55.0
588.69916,56.0,58.0
588.78534,56.0,63.0
588.87146,57.0,63.0
588.9575,57.0,62.0
589.04364,56.0,69.0
589.1297,54.0,61.0
589.21576,58.0,63.0
589.3018,58.0,65.0
589.3878,56.0,66.0
589.47375,61.0,60.0
589.55975,57.0,56.0
589.6457,63.0,52.0
589.7316,67.0,61.0
589.8175,66.0,59.0
589.9034,55.0,56.0
589.9893,57.0,53.0
590.07513,58.0,53.0
590.16095,56.0,57.0
590.24677,56.0,59.0
590.3325,57.0,54.0
590.41833,59.0,57.0
590.5041,59.0,57.0
590.5898,59.0,53.0
590.6755,57.0,61.0
590.7611,62.0,55.0
590.84686,64.0,56.0
590.9325,64.0,66.0
591.01807,62.0,62.0
591.10376,63.0,63.0
591.18933,63.0,77.0
591.27484,58.0,77.0
591.3604,67.0,77.0
591.4459,52.0,67.0
591.53143,57.0,63.0
591.61694,57.0,59.0
591.7024,60.0,57.0
591.7879,61.0,56.0
591.8733,56.0,60.0
591.9587,60.0,52.0
592.04407,59.0,52.0
592.1294,61.0,53.0
592.2148,66.0,54.0
592.3001,63.0,60.0
592.3854,63.0,54.0
592.47076,74.0,52.0
592.5559,73.0,53.0
592.64124,60.0,56.0
592.72644,62.0,55.0
592.81165,56.0,60.0
592.89685,53.0,54.0
592.982,54.0,56.0
593.06714,55.0,60.0
593.15234,61.0,61.0
593.23737,57.0,58.0
593.3225,63.0,68.0
593.40753,63.0,59.0
593.4926,64.0,56.0
593.5777,58.0,62.0
593.66266,60.0,65.0
593.7476,62.0,67.0
593.83264,54.0,69.0
593.91754,62.0,74.0
594.0025,65.0,69.0
594.0874,66.0,68.0
594.1723,66.0,67.0
594.2572,62.0,68.0
594.342,62.0,60.0
594.4269,63.0,54.0
594.51166,61.0,60.0
594.5965,62.0,69.0
594.6813,63.0,67.0
594.76605,58.0,68.0
594.85077,64.0,69.0
594.93555,60.0,79.0
595.02014,58.0,76.0
595.10486,62.0,70.0
595.1895,58.0,75.0
595.2742,59.0,65.0
595.3588,58.0,57.0
595.4434,58.0,61.0
595.52795,58.0,59.0
595.6126,64.0,54.0
595.697,57.0,65.0
595.7816,61.0,65.0
595.8661,57.0,61.0
595.95056,57.0,64.0
596.0351,61.0,72.0
596.1195,59.0,65.0
596.204,62.0,65.0
596.2883,57.0,59.0
596.37274,62.0,60.0
596.45715,61.0,62.0
596.5415,62.0,66.0
596.6258,57.0,63.0
596.71014,59.0,64.0
596.7944,69.0,59.0
596.8787,60.0,56.0
596.96295,70.0,59.0
597.0472,75.0,59.0
597.1314,80.0,64.0
597.21564,74.0,62.0
597.2998,74.0,58.0
597.384,64.0,66.0
597.4681,59.0,66.0
597.5522,55.0,60.0
597.6363,60.0,64.0
597.7204,69.0,63.0
597.8045,62.0,61.0
597.88855,66.0,65.0
597.97253,70.0,69.0
598.0566,66.0,73.0
598.1405,67.0,74.0
598.22455,63.0,69.0
598.3085,73.0,71.0
598.3924,67.0,75.0
598.4763,69.0,66.0
598.5602,67.0,72.0
598.6441,64.0,59.0
598.7279,66.0,68.0
598.81177,69.0,69.0
598.8956,65.0,70.0
598.9794,54.0,70.0
599.0632,59.0,68.0
599.147,58.0,75.0
599.23065,63.0,70.0
599.3144,61.0,73.0
599.39813,68.0,63.0
599.4818,65.0,65.0
599.5655,62.0,68.0
599.6491,77.0,62.0
599.7327,68.0,61.0
599.8164,69.0,63.0
599.8999,65.0,57.0
599.9836,59.0,64.0
600.0671,61.0,65.0
600.15063,61.0,64.0
600.2342,62.0,64.0
600.3177,64.0,70.0
600.4011,64.0,65.0
600.4847,59.0,69.0
600.568,66.0,69.0
600.6515,60.0,63.0
600.73486,58.0,64.0
600.81824,69.0,68.0
600.9017,66.0,69.0
600.985,57.0,68.0
601.06836,61.0,67.0
601.1516,59.0,59.0
601.2349,61.0,62.0
601.31824,64.0,58.0
601.4015,65.0,61.0
601.48474,62.0,67.0
601.568,74.0,64.0
601.6511,65.0,72.0
601.7344,72.0,63.0
601.8175,65.0,65.0
601.90063,70.0,63.0
601.9838,64.0,58.0
602.0669,68.0,64.0
602.15,69.0,62.0
602.23315,61.0,67.0
602.3161,59.0,67.0
602.3992,53.0,70.0
602.4822,59.0,65.0
602.5652,59.0,67.0
602.6482,59.0,63.0
602.73114,63.0,62.0
602.8141,60.0,68.0
602.89703,57.0,73.0
602.9799,59.0,69.0
603.06287,59.0,74.0
603.14575,62.0,68.0
603.2286,61.0,70.0
603.31146,61.0,68.0
603.3942,61.0,62.0
603.47705,60.0,69.0
603.5598,62.0,71.0
603.6426,73.0,70.0
603.7254,68.0,71.0
603.8081,77.0,73.0
603.8908,80.0,71.0
603.9735,85.0,71.0
604.05615,76.0,71.0
604.13885,69.0,64.0
604.22144,75.0,71.0
604.3041,64.0,73.0
604.3867,72.0,76.0
604.4693,69.0,76.0
604.5519,80.0,76.0
604.63446,67.0,75.0
604.7169,71.0,74.0
604.7995,73.0,75.0
604.88196,70.0,74.0
604.9644,66.0,87.0
605.04694,73.0,86.0
605.1293,77.0,77.0
605.2118,70.0,75.0
605.2942,75.0,74.0
605.3765,74.0,67.0
605.459,75.0,73.0
605.5413,73.0,74.0
605.62366,73.0,75.0
605.706,70.0,76.0
605.7882,64.0,72.0
605.87054,62.0,75.0
605.9528,69.0,75.0
606.03503,72.0,80.0
606.1173,66.0,83.0
606.1995,75.0,81.0
606.2817,76.0,80.0
606.3639,69.0,80.0
606.446,82.0,79.0
606.5282,74.0,79.0
606.6103,68.0,76.0
606.6924,74.0,68.0
606.77454,74.0,72.0
606.85657,83.0,73.0
606.93866,89.0,74.0
607.02075,76.0,84.0
607.10266,74.0,80.0
607.1847,72.0,77.0
607.26666,70.0,84.0
607.34863,82.0,87.0
607.43066,84.0,81.0
607.5125,72.0,84.0
607.5945,87.0,78.0
607.67633,88.0,72.0
607.75824,83.0,72.0
607.84015,77.0,74.0
607.92194,82.0,79.0
608.0038,85.0,76.0
608.08563,95.0,76.0
608.16736,81.0,75.0
608.24915,76.0,73.0
608.33093,78.0,72.0
608.41266,68.0,73.0
608.49445,69.0,80.0
608.5761,70.0,85.0
608.6578,80.0,87.0
608.7395,76.0,91.0
608.8211,86.0,88.0
608.9028,76.0,87.0
608.9844,90.0,81.0
609.066,92.0,83.0
609.1476,90.0,89.0
609.2291,86.0,88.0
609.3107,76.0,89.0
609.3922,70.0,83.0
609.47375,75.0,77.0
609.5553,70.0,71.0
609.6368,70.0,71.0
609.7182,76.0,70.0
609.7997,73.0,76.0
609.88104,69.0,75.0
609.9625,73.0,76.0
610.0439,67.0,81.0
610.1253,75.0,86.0
610.2067,72.0,92.0
610.288,71.0,91.0
610.3693,72.0,91.0
610.4507,71.0,89.0
610.5319,75.0,90.0
610.6133,79.0,100.0
610.6945,77.0,90.0
610.77576,75.0,86.0
610.85706,79.0,84.0
610.93823,78.0,76.0
611.0194,72.0,76.0
611.10065,77.0,85.0
611.1817,82.0,88.0
611.26294,67.0,83.0
611.34406,74.0,82.0
611.4251,75.0,77.0
611.5063,71.0,78.0
611.5873,73.0,80.0
611.6684,66.0,86.0
611.74945,72.0,81.0
611.83044,79.0,81.0
611.9115,68.0,86.0
611.9925,80.0,88.0
612.0734,78.0,85.0
612.1545,82.0,86.0
612.23535,76.0,81.0
612.31635,75.0,77.0
612.3972,77.0,75.0
612.4781,79.0,71.0
612.559,77.0,72.0
612.6399,70.0,74.0
612.7207,79.0,75.0
612.8016,75.0,75.0
612.8823,78.0,75.0
612.9632,73.0,73.0
613.04395,66.0,69.0
613.1247,66.0,64.0
613.2055,69.0,67.0
613.2862,70.0,70.0
613.36694,74.0,73.0
613.4477,74.0,72.0
613.52826,76.0,75.0
613.609,78.0,76.0
613.68964,84.0,73.0
613.77026,91.0,73.0
613.8509,90.0,80.0
613.93146,81.0,84.0
614.0121,82.0,85.0
614.09265,81.0,78.0
614.17316,78.0,76.0
614.2538,68.0,75.0
614.3343,73.0,72.0
614.41473,72.0,70.0
614.4953,72.0,69.0
614.5757,73.0,68.0
614.6562,60.0,76.0
614.73663,80.0,68.0
614.817,73.0,76.0
614.8975,70.0,76.0
614.97784,75.0,72.0
615.0582,77.0,62.0
615.1387,73.0,75.0
615.21893,86.0,65.0
615.2993,82.0,80.0
615.3796,71.0,72.0
615.4599,77.0,73.0
615.5402,76.0,70.0
615.62036,69.0,76.0
615.7007,70.0,75.0
615.7809,75.0,74.0
615.8611,86.0,72.0
615.94135,88.0,73.0
616.02155,85.0,74.0
616.1017,91.0,75.0
616.1819,80.0,72.0
616.26196,71.0,75.0
616.3421,74.0,74.0
616.42224,79.0,75.0
616.5023,77.0,76.0
616.5824,85.0,71.0
616.6625,78.0,74.0
616.7425,89.0,74.0
616.8226,84.0,74.0
616.9025,87.0,76.0
616.98254,82.0,74.0
617.0625,75.0,68.0
617.14246,81.0,71.0
617.2225,76.0,71.0
617.30237,80.0,74.0
617.3823,76.0,73.0
617.4622,83.0,75.0
617.54205,89.0,77.0
617.62195,87.0,77.0
617.70184,100.0,76.0
617.7816,95.0,78.0
617.8615,98.0,76.0
617.9413,84.0,71.0
618.0211,81.0,72.0
618.1008,72.0,73.0
618.1806,80.0,72.0
618.26044,80.0,74.0
618.34015,76.0,76.0
618.4198,86.0,71.0
618.4996,79.0,68.0
618.5792,82.0,66.0
618.65894,82.0,71.0
618.7385,89.0,76.0
618.8182,84.0,76.0
618.8978,79.0,76.0
618.9774,71.0,79.0
619.057,73.0,68.0
619.13666,74.0,85.0
619.2161,72.0,83.0
619.2957,81.0,85.0
619.37524,74.0,91.0
619.4548,79.0,92.0
619.5343,84.0,94.0
619.6138,82.0,92.0
619.69324,82.0,89.0
619.7727,80.0,85.0
619.8521,81.0,77.0
619.93164,87.0,72.0
620.011,93.0,74.0
620.0904,93.0,73.0
620.1698,92.0,73.0
620.24915,82.0,77.0
620.3285,84.0,76.0
620.40784,86.0,73.0
620.4871,88.0,77.0
620.5665,95.0,77.0
620.6458,99.0,76.0
620.72504,104.0,78.0
620.8044,101.0,80.0
620.88354,106.0,79.0
620.9628,101.0,82.0
621.04205,87.0,67.0
621.1212,88.0,77.0
621.20044,90.0,76.0
621.2796,85.0,73.0
621.35876,89.0,75.0
621.4379,79.0,82.0
621.517,75.0,76.0
621.5962,72.0,76.0
621.67523,75.0,77.0
621.75433,73.0,76.0
621.83344,75.0,79.0
621.9124,73.0,77.0
621.9915,82.0,81.0
622.07056,80.0,76.0
622.14954,79.0,86.0
622.2286,77.0,79.0
622.30756,79.0,86.0
622.38654,77.0,88.0
622.4655,79.0,90.0
622.5444,79.0,91.0
622.62335,81.0,82.0
622.7023,88.0,77.0
622.7811,82.0,79.0
622.86005,87.0,76.0
622.9389,79.0,78.0
623.01776,79.0,72.0
623.0966,79.0,69.0
623.1754,80.0,78.0
623.2543,92.0,78.0
623.333,89.0,80.0
623.4118,85.0,84.0
623.4906,80.0,72.0
623.56934,81.0,76.0
623.6481,86.0,81.0
623.72687,85.0,84.0
623.8055,84.0,77.0
623.8842,83.0,81.0
623.9629,87.0,88.0
624.04156,85.0,86.0
624.12024,79.0,84.0
624.1988,79.0,85.0
624.27747,74.0,85.0
624.3561,71.0,80.0
624.4347,70.0,73.0
624.5133,76.0,75.0
624.59186,76.0,81.0
624.6704,82.0,89.0
624.74896,79.0,87.0
624.82745,84.0,86.0
624.906,83.0,80.0
624.9845,85.0,84.0
625.0629,91.0,86.0
625.1415,96.0,87.0
625.2199,93.0,77.0
625.29834,82.0,73.0
625.37683,84.0,78.0
625.4552,79.0,74.0
625.5336,84.0,84.0
625.612,77.0,87.0
625.69037,80.0,86.0
625.76874,75.0,79.0
625.8471,73.0,72.0
625.9254,73.0,75.0
626.0037,81.0,77.0
626.082,79.0,79.0
626.16034,80.0,77.0
626.2386,81.0,73.0
626.31683,74.0,76.0
626.39514,69.0,80.0
626.4733,71.0,71.0
626.5516,63.0,84.0
626.62976,73.0,77.0
626.70795,73.0,79.0
626.7862,75.0,85.0
626.8643,81.0,81.0
626.94244,77.0,70.0
627.0206,78.0,83.0
627.0987,80.0,82.0
627.1769,81.0,76.0
627.25494,85.0,79.0
627.333,83.0,80.0
627.41113,74.0,81.0
627.4892,71.0,73.0
627.5672,69.0,81.0
627.6453,67.0,81.0
627.72327,69.0,85.0
627.80133,61.0,83.0
627.8793,67.0,87.0
627.9573,78.0,83.0
628.0353,86.0,91.0
628.11316,86.0,88.0
628.1911,87.0,88.0
628.26904,79.0,87.0
628.3469,74.0,80.0
628.42487,72.0,76.0
628.50275,64.0,81.0
628.5806,69.0,76.0
628.6585,79.0,77.0
628.73627,79.0,77.0
628.81415,78.0,88.0
628.89197,82.0,76.0
628.9698,77.0,83.0
629.0476,73.0,85.0
629.12537,82.0,81.0
629.2031,82.0,87.0
629.28094,78.0,77.0
629.3586,80.0,77.0
629.4364,76.0,83.0
629.5141,82.0,78.0
629.59174,82.0,84.0
629.6695,83.0,81.0
629.7472,81.0,84.0
629.8248,81.0,77.0
629.9025,80.0,80.0
629.9801,84.0,81.0
630.05774,81.0,81.0
630.1354,76.0,80.0
630.21295,86.0,81.0
630.2906,88.0,92.0
630.36804,78.0,95.0
630.4457,73.0,88.0
630.5232,72.0,87.0
630.6007,75.0,84.0
630.6783,76.0,82.0
630.7558,79.0,84.0
630.83325,80.0,77.0
630.9108,75.0,94.0
630.9882,74.0,91.0
631.06573,76.0,92.0
631.1431,72.0,89.0
631.2206,75.0,94.0
631.29803,83.0,90.0
631.3754,86.0,94.0
631.4528,83.0,101.0
631.5302,86.0,101.0
631.60754,94.0,101.0
631.68494,87.0,105.0
631.76227,93.0,105.0
631.8396,98.0,96.0
631.91693,100.0,89.0
631.99426,95.0,90.0
632.07153,83.0,94.0
632.1488,89.0,91.0
632.2261,77.0,91.0
632.30334,79.0,96.0
632.3806,75.0,91.0
632.4578,81.0,89.0
632.5351,75.0,95.0
632.61224,85.0,94.0
632.68945,84.0,95.0
632.76666,82.0,89.0
632.8438,89.0,89.0
632.921,82.0,89.0
632.99817,87.0,91.0
633.07526,86.0,92.0
633.15247,92.0,96.0
633.2295,97.0,95.0
633.30664,93.0,92.0
633.38367,90.0,94.0
633.46075,89.0,90.0
633.53784,87.0,95.0
633.61487,86.0,96.0
633.6919,100.0,94.0
633.769,99.0,96.0
633.84595,104.0,94.0
633.923,97.0,97.0
633.99994,97.0,101.0
634.07697,102.0,95.0
634.15393,99.0,99.0
634.23083,102.0,94.0
634.3078,98.0,93.0
634.38477,96.0,92.0
634.4617,89.0,94.0
634.5386,88.0,84.0
634.6155,93.0,82.0
634.6924,93.0,77.0
634.7693,92.0,91.0
634.84607,75.0,94.0
634.923,85.0,95.0
634.99976,82.0,99.0
635.0766,85.0,103.0
635.15344,84.0,101.0
635.2302,88.0,105.0
635.307,84.0,110.0
635.38385,84.0,114.0
635.4605,86.0,109.0
635.53735,94.0,112.0
635.6141,107.0,104.0
635.6908,98.0,100.0
635.7676,96.0,97.0
635.84424,94.0,95.0
635.9209,93.0,96.0
635.9977,93.0,98.0
636.0743,97.0,97.0
636.151,89.0,103.0
636.2276,95.0,95.0
636.30426,91.0,101.0
636.3809,93.0,102.0
636.45746,88.0,102.0
636.5341,89.0,101.0
636.6107,84.0,98.0
636.68726,86.0,99.0
636.76385,95.0,101.0
636.84045,97.0,106.0
636.917,91.0,109.0
636.9935,94.0,104.0
637.07,95.0,103.0
637.14655,99.0,97.0
637.223,101.0,103.0
637.2995,93.0,99.0
637.37604,96.0,98.0
637.4525,80.0,96.0
637.52893,79.0,96.0
637.60547,86.0,90.0
637.6818,85.0,91.0
637.7583,86.0,90.0
637.8347,95.0,95.0
637.9111,92.0,101.0
637.98755,92.0,101.0
638.0639,97.0,100.0
638.14026,93.0,104.0
638.2166,97.0,105.0
638.2929,94.0,104.0
638.3693,92.0,101.0
638.4456,95.0,98.0
638.5219,95.0,98.0
638.59827,99.0,111.0
638.6745,95.0,116.0
638.75085,96.0,110.0
638.8271,98.0,114.0
638.9033,105.0,110.0
638.9796,103.0,106.0
639.05585,111.0,107.0
639.1321,120.0,105.0
639.2084,114.0,110.0
639.2845,106.0,108.0
639.3607,105.0,104.0
639.4369,106.0,104.0
639.51306,95.0,112.0
639.5893,101.0,107.0
639.6654,87.0,110.0
639.7416,92.0,97.0
639.81775,85.0,101.0
639.8938,88.0,97.0
639.9699,91.0,94.0
640.046,91.0,102.0
640.12213,101.0,107.0
640.19824,102.0,111.0
640.27423,103.0,109.0
640.35034,95.0,111.0
640.4264,91.0,106.0
640.5024,93.0,114.0
640.5785,94.0,108.0
640.6545,105.0,99.0
640.73047,105.0,108.0
640.8065,105.0,110.0
640.88245,102.0,104.0
640.95844,92.0,104.0
641.0344,92.0,102.0
641.11035,100.0,106.0
641.18634,100.0,103.0
641.26227,94.0,104.0
641.3382,100.0,104.0
641.4141,102.0,110.0
641.49,103.0,107.0
641.5659,102.0,112.0
641.6418,105.0,107.0
641.71765,107.0,106.0
641.7936,98.0,112.0
641.8694,100.0,112.0
641.94525,101.0,115.0
642.0211,98.0,123.0
642.09686,103.0,128.0
642.1727,111.0,130.0
642.24854,106.0,134.0
642.3243,107.0,118.0
642.40015,123.0,122.0
642.4758,123.0,124.0
642.55164,119.0,121.0
642.6274,115.0,124.0
642.7031,106.0,113.0
642.77893,103.0,110.0
642.8546,100.0,107.0
642.9303,93.0,106.0
643.0061,94.0,109.0
643.0817,94.0,116.0
643.1574,96.0,114.0
643.2331,99.0,125.0
643.3088,101.0,116.0
643.38446,94.0,123.0
643.4601,87.0,115.0
643.5357,85.0,115.0
643.6114,94.0,120.0
643.68695,94.0,118.0
643.7626,101.0,127.0
643.8382,99.0,126.0
643.91376,103.0,135.0
643.9894,97.0,129.0
644.06494,92.0,122.0
644.1405,93.0,113.0
644.216,95.0,111.0
644.29156,100.0,110.0
644.3671,98.0,116.0
644.4426,90.0,109.0
644.5181,96.0,101.0
644.5937,92.0,107.0
644.6691,97.0,111.0
644.7446,99.0,108.0
644.8201,103.0,111.0
644.89557,109.0,115.0
644.97107,107.0,121.0
645.0465,99.0,120.0
645.12195,93.0,125.0
645.1974,86.0,123.0
645.27277,94.0,128.0
645.3482,95.0,124.0
645.4236,94.0,132.0
645.49896,98.0,132.0
645.5744,102.0,126.0
645.6498,98.0,130.0
645.72516,100.0,135.0
645.80054,108.0,118.0
645.8758,104.0,119.0
645.9512,105.0,121.0
646.0265,114.0,113.0
646.1018,98.0,113.0
646.1772,97.0,117.0
646.2524,98.0,122.0
646.32776,94.0,124.0
646.403,97.0,129.0
646.4783,101.0,128.0
646.5536,97.0,129.0
646.62885,99.0,132.0
646.7041,96.0,125.0
646.77936,102.0,127.0
646.8545,98.0,124.0
646.9298,87.0,120.0
647.005,82.0,120.0
647.0802,86.0,121.0
647.1554,93.0,128.0
647.2306,88.0,124.0
647.3058,95.0,125.0
647.381,90.0,122.0
647.45605,85.0,124.0
647.53125,92.0,132.0
647.6064,93.0,132.0
647.6815,97.0,128.0
647.7567,94.0,127.0
647.8318,97.0,128.0
647.9069,95.0,123.0
647.98206,100.0,122.0
648.05707,106.0,121.0
648.1322,111.0,122.0
648.2073,106.0,132.0
648.2823,100.0,128.0
648.3574,107.0,128.0
648.4324,100.0,133.0
648.5075,95.0,133.0
648.5825,96.0,139.0
648.65753,88.0,142.0
648.7326,98.0,139.0
648.80756,96.0,142.0
648.88257,96.0,139.0
648.9576,104.0,141.0
649.03253,106.0,141.0
649.10754,99.0,133.0
649.1825,102.0,132.0
649.25745,107.0,129.0
649.33246,110.0,134.0
649.40735,119.0,137.0
649.4823,100.0,137.0
649.55725,99.0,137.0
649.6321,103.0,138.0
649.7071,100.0,140.0
649.782,100.0,145.0
649.8568,98.0,138.0
649.93176,103.0,152.0
650.00665,102.0,151.0
650.0815,101.0,154.0
650.1563,98.0,160.0
650.2312,100.0,152.0
650.3061,86.0,149.0
650.3809,85.0,144.0
650.45575,85.0,136.0
650.5306,93.0,146.0
650.60535,102.0,153.0
650.6802,98.0,149.0
650.755,108.0,153.0
650.8298,103.0,163.0
650.9046,109.0,166.0
650.9794,97.0,184.0
651.05414,98.0,197.0
651.1289,100.0,228.0
651.2036,95.0,277.0
651.2784,99.0,334.0
651.3531,100.0,369.0
651.42786,99.0,405.0
651.5026,95.0,414.0
651.5773,92.0,433.0
651.652,93.0,443.0
651.72675,93.0,445.0
651.8014,92.0,453.0
651.8761,98.0,450.0
651.95074,101.0,454.0
652.0254,98.0,456.0
652.1001,100.0,450.0
652.1747,100.0,444.0
652.2494,96.0,442.0
652.32404,91.0,441.0
652.3986,100.0,438.0
652.4733,96.0,439.0
652.5479,88.0,435.0
652.6225,92.0,443.0
652.69714,90.0,441.0
652.77167,103.0,434.0
652.8463,98.0,418.0
652.9209,104.0,387.0
652.9955,108.0,325.0
653.07007,103.0,261.0
653.1446,109.0,213.0
653.2192,105.0,182.0
653.29376,107.0,170.0
653.3682,98.0,158.0
653.4428,98.0,148.0
653.51733,92.0,152.0
653.5918,88.0,141.0
653.6664,87.0,137.0
653.74084,77.0,133.0
653.81537,80.0,131.0
653.8899,81.0,140.0
653.9643,85.0,136.0
654.0388,89.0,146.0
654.1133,92.0,146.0
654.18774,89.0,145.0
654.2622,77.0,130.0
654.3366,83.0,125.0
654.4111,83.0,117.0
654.4855,88.0,126.0
654.55994,84.0,127.0
654.6344,82.0,132.0
654.7088,93.0,133.0
654.7832,94.0,142.0
654.8576,90.0,144.0
654.93195,84.0,137.0
655.00635,86.0,146.0
655.08075,92.0,142.0
655.1551,92.0,140.0
655.2295,100.0,138.0
655.3039,110.0,142.0
655.37823,105.0,146.0
655.4526,110.0,150.0
655.52686,112.0,150.0
655.60126,110.0,138.0
655.6756,109.0,136.0
655.7499,102.0,134.0
655.8242,100.0,141.0
655.89856,102.0,137.0
655.97284,103.0,145.0
656.0471,101.0,151.0
656.1214,96.0,148.0
656.1957,91.0,147.0
656.26996,78.0,140.0
656.34424,86.0,138.0
656.4185,84.0,141.0
656.49274,91.0,141.0
656.567,90.0,140.0
656.64124,91.0,144.0
656.71545,97.0,140.0
656.7898,94.0,136.0
656.86395,91.0,123.0
656.9382,87.0,117.0
657.01245,88.0,123.0
657.0866,85.0,122.0
657.1608,87.0,125.0
657.235,98.0,125.0
657.3092,99.0,122.0
657.3834,96.0,146.0
657.4576,90.0,138.0
657.53174,88.0,143.0
657.60596,90.0,138.0
657.68005,98.0,138.0
657.7543,87.0,147.0
657.82837,95.0,157.0
657.9025,90.0,151.0
657.9767,97.0,151.0
658.0507,104.0,155.0
658.12494,106.0,152.0
658.19904,102.0,151.0
658.27313,97.0,152.0
658.3473,93.0,154.0
658.4214,80.0,138.0
658.4955,84.0,135.0
658.5696,81.0,137.0
658.6436,74.0,134.0
658.7177,76.0,135.0
658.7918,79.0,134.0
658.86584,80.0,122.0
658.93994,82.0,133.0
659.014,84.0,135.0
659.088,85.0,140.0
659.1621,87.0,146.0
659.2361,84.0,150.0
659.3102,88.0,144.0
659.3842,91.0,147.0
659.4582,93.0,137.0
659.5323,95.0,130.0
659.60626,89.0,125.0
659.68024,89.0,130.0
659.75433,92.0,127.0
659.82825,95.0,129.0
659.9023,96.0,135.0
659.97626,83.0,131.0
660.05023,90.0,135.0
660.1242,94.0,131.0
660.1981,94.0,133.0
660.27216,93.0,140.0
660.34607,95.0,140.0
660.42004,92.0,139.0
660.494,87.0,147.0
660.56793,94.0,152.0
660.64185,96.0,152.0
660.7159,102.0,145.0
660.78973,100.0,143.0
660.8637,80.0,144.0
660.93756,80.0,142.0
661.0115,80.0,136.0
661.08545,86.0,142.0
661.1593,91.0,142.0
661.2332,90.0,142.0
661.3071,89.0,141.0
661.381,85.0,125.0
661.4549,86.0,124.0
661.52875,85.0,130.0
661.6026,80.0,129.0
661.6765,75.0,126.0
661.75037,81.0,124.0
661.8242,82.0,131.0
661.8981,92.0,134.0
661.9719,92.0,140.0
662.0458,85.0,143.0
662.1196,80.0,150.0
662.1934,81.0,139.0
662.26733,85.0,133.0
662.34106,88.0,139.0
662.4149,80.0,136.0
662.4888,74.0,138.0
662.56256,70.0,133.0
662.6364,76.0,122.0
662.7102,88.0,132.0
662.784,80.0,137.0
662.8578,77.0,131.0
662.9315,68.0,133.0
663.0054,75.0,131.0
663.0791,72.0,125.0
663.1529,77.0,134.0
663.2267,75.0,135.0
663.3005,84.0,136.0
663.3742,84.0,132.0
663.448,82.0,133.0
663.52167,89.0,134.0
663.59546,91.0,141.0
663.6692,98.0,141.0
663.7429,98.0,148.0
663.8167,93.0,140.0
663.8904,94.0,137.0
663.9642,88.0,135.0
664.03784,89.0,142.0
664.1116,81.0,137.0
664.18536,80.0,137.0
664.25903,83.0,136.0
664.3327,86.0,132.0
664.4065,93.0,133.0
664.4801,94.0,137.0
664.55383,97.0,140.0
664.6275,93.0,137.0
664.7012,89.0,132.0
664.7749,93.0,132.0
664.8486,96.0,125.0
664.92224,95.0,125.0
664.996,83.0,122.0
665.0696,77.0,132.0
665.14325,72.0,119.0
665.2169,71.0,138.0
665.2906,64.0,138.0
665.36426,75.0,133.0
665.43787,72.0,139.0
665.51154,61.0,142.0
665.5852,71.0,146.0
665.65875,67.0,142.0
665.7324,73.0,145.0
665.8061,71.0,145.0
665.8797,69.0,144.0
665.95337,73.0,138.0
666.02686,81.0,136.0
666.1005,79.0,139.0
666.17413,67.0,139.0
666.24774,73.0,135.0
666.3214,68.0,120.0
666.39496,71.0,113.0
666.46857,77.0,120.0
666.5422,76.0,123.0
666.6157,78.0,132.0
666.68933,76.0,144.0
666.76294,84.0,147.0
666.8365,91.0,148.0
666.9101,94.0,151.0
666.98364,91.0,142.0
667.0572,95.0,142.0
667.13086,95.0,145.0
667.20435,101.0,140.0
667.27795,103.0,144.0
667.3515,100.0,142.0
667.425,97.0,152.0
667.4986,88.0,131.0
667.57214,78.0,135.0
667.6457,80.0,125.0
667.7192,92.0,136.0
667.7927,92.0,133.0
667.8663,88.0,135.0
667.9398,88.0,136.0
668.0133,82.0,141.0
668.0869,91.0,144.0
668.16034,102.0,141.0
668.2339,100.0,151.0
668.30743,90.0,151.0
668.3809,85.0,151.0
668.45447,83.0,151.0
668.52795,76.0,144.0
668.60144,82.0,142.0
668.675,85.0,146.0
668.7484,84.0,149.0
668.82196,75.0,145.0
668.89545,82.0,145.0
668.9689,84.0,150.0
669.0424,84.0,157.0
669.1159,89.0,155.0
669.1894,87.0,167.0
669.2629,90.0,164.0
669.3363,99.0,160.0
669.4098,105.0,156.0
669.4833,96.0,154.0
669.5567,102.0,157.0
669.63025,100.0,159.0
669.7036,101.0,159.0
669.7771,104.0,157.0
669.8506,101.0,154.0
669.924,93.0,155.0
669.9975,84.0,156.0
670.0709,79.0,154.0
670.14435,80.0,148.0
670.21783,82.0,146.0
670.2912,81.0,150.0
670.3647,84.0,151.0
670.4381,80.0,153.0
670.51154,81.0,145.0
670.585,80.0,144.0
670.65845,82.0,144.0
670.7319,81.0,150.0
670.8053,85.0,148.0
670.87866,85.0,144.0
670.95215,81.0,136.0
671.0255,82.0,132.0
671.09894,86.0,141.0
671.1724,81.0,139.0
671.2458,89.0,141.0
671.3192,81.0,143.0
671.39264,89.0,141.0
671.46594,87.0,144.0
671.5394,86.0,149.0
671.6128,85.0,144.0
671.6862,76.0,147.0
671.75964,78.0,145.0
671.83295,74.0,147.0
671.9064,85.0,147.0
671.9798,85.0,147.0
672.05316,85.0,146.0
672.1266,86.0,152.0
672.19995,83.0,144.0
672.2733,86.0,151.0
672.34674,91.0,157.0
672.42004,82.0,157.0
672.49347,84.0,152.0
672.56683,82.0,153.0
672.6402,79.0,146.0
672.7136,76.0,153.0
672.787,80.0,151.0
672.8603,83.0,146.0
672.9337,78.0,154.0
673.007,77.0,154.0
673.08044,81.0,154.0
673.15375,75.0,155.0
673.2271,81.0,148.0
673.30054,82.0,143.0
673.3738,77.0,146.0
673.4472,72.0,148.0
673.52057,73.0,147.0
673.5939,79.0,150.0
673.6673,80.0,151.0
673.7406,81.0,148.0
673.81396,72.0,139.0
673.8873,87.0,133.0
673.96063,90.0,135.0
674.034,88.0,138.0
674.1073,85.0,144.0
674.18066,77.0,157.0
674.254,82.0,156.0
674.32733,87.0,156.0
674.4007,90.0,150.0
674.47406,85.0,144.0
674.5473,89.0,147.0
674.6207,87.0,156.0
674.69403,86.0,147.0
674.76733,90.0,149.0
674.8407,89.0,146.0
674.914,87.0,150.0
674.9873,84.0,155.0
675.06067,83.0,158.0
675.134,83.0,144.0
675.20734,81.0,147.0
675.28064,83.0,143.0
675.35394,84.0,150.0
675.4273,84.0,148.0
675.50055,83.0,155.0
675.5739,84.0,146.0
675.6472,83.0,148.0
675.7205,88.0,146.0
675.7939,86.0,155.0
675.8672,83.0,158.0
675.9405,79.0,152.0
676.01385,86.0,165.0
676.0871,88.0,165.0
676.16046,90.0,156.0
676.2337,91.0,157.0
676.307,86.0,155.0
676.3804,97.0,152.0
676.4537,99.0,154.0
676.527,94.0,151.0
676.60034,91.0,148.0
676.6735,87.0,147.0
676.7469,91.0,150.0
676.8202,87.0,141.0
676.8935,88.0,140.0
676.96686,90.0,134.0
677.0401,87.0,143.0
677.1134,82.0,151.0
677.18677,78.0,150.0
677.26,79.0,143.0
677.3333,83.0,141.0
677.4066,86.0,126.0
677.4799,72.0,117.0
677.5532,73.0,119.0
677.62646,73.0,115.0
677.6998,79.0,117.0
677.77313,74.0,121.0
677.8464,74.0,124.0
677.91974,68.0,129.0
677.99304,70.0,122.0
678.0663,76.0,114.0
678.13965,72.0,116.0
678.2129,66.0,113.0
678.2862,69.0,106.0
678.3595,58.0,117.0
678.43274,63.0,114.0
678.5061,57.0,109.0
678.5794,57.0,103.0
678.65265,60.0,98.0
678.726,56.0,96.0
678.79926,55.0,90.0
null
