wavelength,file1,
200.12,46.0
200.28952,57.0
200.45903,41.0
200.62856,54.0
200.79808,44.0
200.96759,43.0
201.13712,46.0
201.30664,56.0
201.47615,46.0
201.64568,60.0
201.8152,56.0
201.98471,55.0
202.15424,53.0
202.32376,52.0
202.49327,48.0
202.6628,56.0
202.83232,59.0
203.00183,52.0
203.17136,53.0
203.34088,56.0
203.51039,56.0
203.67992,52.0
203.84944,48.0
204.01895,50.0
204.18848,59.0
204.358,61.0
204.52751,71.0
204.69704,67.0
204.86656,67.0
205.03607,76.0
205.2056,77.0
205.37512,85.0
205.54463,86.0
205.71416,84.0
205.88368,77.0
206.05319,74.0
206.22272,84.0
206.39224,76.0
206.56175,74.0
206.73128,74.0
206.9008,72.0
207.07031,72.0
207.23984,74.0
207.40936,79.0
207.57887,81.0
207.7484,76.0
207.91791,76.0
208.08743,85.0
208.25696,81.0
208.42648,77.0
208.596,75.0
208.76552,79.0
208.93503,87.0
209.10455,78.0
209.27408,80.0
209.4436,84.0
209.61311,86.0
209.78264,83.0
209.95215,76.0
210.12167,85.0
210.2912,89.0
210.46071,79.0
210.63023,80.0
210.79976,83.0
210.96927,88.0
211.1388,87.0
211.30832,80.0
211.47783,79.0
211.64735,89.0
211.81688,82.0
211.98639,86.0
212.15591,79.0
212.32544,78.0
212.49495,80.0
212.66447,81.0
212.834,84.0
213.00351,88.0
213.17303,77.0
213.34256,75.0
213.51207,84.0
213.6816,87.0
213.85112,86.0
214.02063,74.0
214.19016,86.0
214.35968,86.0
214.52919,85.0
214.69872,87.0
214.86824,83.0
215.03775,82.0
215.20728,82.0
215.3768,84.0
215.54631,82.0
215.71584,85.0
215.88536,82.0
216.05487,77.0
216.2244,84.0
216.39392,86.0
216.56343,85.0
216.73296,85.0
216.90248,78.0
217.07199,79.0
217.24152,83.0
217.41104,79.0
217.58055,83.0
217.75008,79.0
217.9196,79.0
218.08911,81.0
218.25864,81.0
218.42816,80.0
218.59767,75.0
218.7672,71.0
218.93672,76.0
219.10623,80.0
219.27576,72.0
219.44528,73.0
219.61479,79.0
219.78432,74.0
219.95384,77.0
220.12335,74.0
220.29288,90.0
220.4624,71.0
220.63191,76.0
220.80144,75.0
220.97095,71.0
221.14047,84.0
221.31,73.0
221.47952,72.0
221.64903,73.0
221.81856,75.0
221.98807,69.0
222.1576,73.0
222.32712,70.0
222.49664,74.0
222.66615,73.0
222.83568,75.0
223.00519,82.0
223.17471,71.0
223.34424,75.0
223.51376,82.0
223.68327,75.0
223.8528,74.0
224.02231,75.0
224.19183,82.0
224.36136,72.0
224.53088,75.0
224.7004,79.0
224.86992,79.0
225.03943,73.0
225.20895,79.0
225.37848,75.0
225.548,76.0
225.71751,71.0
225.88704,71.0
226.05655,71.0
226.22607,82.0
226.3956,76.0
226.56512,79.0
226.73463,77.0
226.90416,77.0
227.07367,76.0
227.2432,80.0
227.41272,80.0
227.58223,83.0
227.75175,77.0
227.92128,78.0
228.09079,79.0
228.26031,75.0
228.42984,86.0
228.59935,76.0
228.76888,82.0
228.9384,80.0
229.10791,77.0
229.27744,80.0
229.44696,76.0
229.61647,76.0
229.786,78.0
229.95552,75.0
230.12503,77.0
230.29456,78.0
230.46408,75.0
230.63359,82.0
230.80312,79.0
230.97264,76.0
231.14215,78.0
231.31168,75.0
231.4812,83.0
231.65071,71.0
231.82024,73.0
231.98976,74.0
232.15927,77.0
232.3288,73.0
232.49832,76.0
232.66783,75.0
232.83736,77.0
233.00688,75.0
233.17639,73.0
233.34592,74.0
233.51544,78.0
233.68495,73.0
233.85448,79.0
234.02399,72.0
234.19351,77.0
234.36304,73.0
234.53256,73.0
234.70207,72.0
234.8716,76.0
235.0411,73.0
235.21063,78.0
235.38016,78.0
235.54968,77.0
235.7192,73.0
235.88872,70.0
236.05823,74.0
236.22775,73.0
236.39728,74.0
236.5668,80.0
236.73631,70.0
236.90584,70.0
237.07535,73.0
237.24487,70.0
237.4144,75.0
237.58392,74.0
237.75343,69.0
237.92296,82.0
238.09247,74.0
238.262,76.0
238.43152,75.0
238.60104,74.0
238.77055,87.0
238.94008,80.0
239.10959,73.0
239.27911,73.0
239.44864,75.0
239.61816,72.0
239.78767,75.0
239.9572,69.0
240.12671,79.0
240.29623,72.0
240.46576,74.0
240.63528,79.0
240.8048,83.0
240.97432,76.0
241.14383,79.0
241.31335,73.0
241.48288,88.0
241.6524,80.0
241.82191,77.0
241.99144,74.0
242.16095,77.0
242.33047,81.0
242.5,79.0
242.66953,77.0
242.83904,84.0
243.00856,81.0
243.17807,75.0
243.3476,84.0
243.51712,82.0
243.68665,80.0
243.85616,91.0
244.02568,72.0
244.19519,83.0
244.36472,83.0
244.53424,76.0
244.70377,83.0
244.87328,74.0
245.0428,79.0
245.21231,81.0
245.38184,76.0
245.55136,83.0
245.72087,76.0
245.8904,75.0
246.05992,75.0
246.22943,79.0
246.39896,79.0
246.56848,77.0
246.73799,75.0
246.90752,82.0
247.07704,78.0
247.24655,76.0
247.41608,78.0
247.5856,78.0
247.75511,75.0
247.92464,80.0
248.09416,75.0
248.26367,75.0
248.4332,77.0
248.60272,76.0
248.77223,79.0
248.94176,75.0
249.11128,76.0
249.28079,70.0
249.45032,67.0
249.61984,71.0
249.78935,74.0
249.95888,71.0
250.12839,78.0
250.29791,71.0
250.46744,74.0
250.63696,75.0
250.80647,75.0
250.976,77.0
251.14551,76.0
251.31503,75.0
251.48456,78.0
251.65408,78.0
251.8236,77.0
251.99312,75.0
252.16263,72.0
252.33215,74.0
252.50168,77.0
252.6712,75.0
252.84071,74.0
253.01024,72.0
253.17975,73.0
253.34927,75.0
253.5188,72.0
253.68832,72.0
253.85783,73.0
254.02736,73.0
254.19687,73.0
254.3664,75.0
254.53592,77.0
254.70544,75.0
254.87495,75.0
255.04448,78.0
255.21399,75.0
255.38351,82.0
255.55304,79.0
255.72256,72.0
255.89207,76.0
256.06158,79.0
256.2311,76.0
256.40063,81.0
256.57016,78.0
256.7397,74.0
256.9092,73.0
257.0787,77.0
257.24823,73.0
257.41776,78.0
257.58728,78.0
257.7568,84.0
257.92633,73.0
258.09583,80.0
258.26535,73.0
258.43488,77.0
258.6044,77.0
258.77393,80.0
258.94342,78.0
259.11295,84.0
259.28247,72.0
259.452,76.0
259.62152,73.0
259.79105,77.0
259.96057,76.0
260.13007,77.0
260.2996,75.0
260.46912,76.0
260.63864,76.0
260.80817,77.0
260.97766,77.0
261.1472,72.0
261.3167,81.0
261.48624,83.0
261.65576,76.0
261.8253,83.0
261.9948,77.0
262.1643,77.0
262.33383,77.0
262.50336,80.0
262.67288,77.0
262.8424,78.0
263.0119,74.0
263.18143,81.0
263.35095,78.0
263.52048,77.0
263.69,78.0
263.85953,77.0
264.02905,80.0
264.19855,76.0
264.36807,76.0
264.5376,80.0
264.70712,77.0
264.87665,74.0
265.04614,78.0
265.21567,75.0
265.3852,72.0
265.55472,76.0
265.72424,74.0
265.89377,80.0
266.0633,77.0
266.2328,74.0
266.4023,77.0
266.57184,72.0
266.74136,71.0
266.9109,76.0
267.08038,75.0
267.2499,75.0
267.41943,71.0
267.58896,72.0
267.75848,79.0
267.92798,72.0
268.09753,76.0
268.26703,77.0
268.43655,73.0
268.60608,76.0
268.7756,78.0
268.94513,73.0
269.11462,77.0
269.28415,71.0
269.45367,71.0
269.6232,70.0
269.79272,74.0
269.96222,76.0
270.13177,75.0
270.30127,71.0
270.4708,78.0
270.64032,82.0
270.80984,70.0
270.97937,73.0
271.14886,73.0
271.3184,77.0
271.4879,78.0
271.65744,78.0
271.82697,79.0
271.99646,76.0
272.16602,74.0
272.3355,82.0
272.50504,79.0
272.67456,81.0
272.8441,78.0
273.0136,79.0
273.1831,81.0
273.35263,82.0
273.52216,77.0
273.69168,78.0
273.8612,73.0
274.0307,81.0
274.20026,76.0
274.36975,74.0
274.53928,78.0
274.7088,77.0
274.87833,76.0
275.04785,82.0
275.21735,76.0
275.38687,86.0
275.5564,77.0
275.72592,73.0
275.89545,79.0
276.06494,79.0
276.23447,76.0
276.404,76.0
276.57352,77.0
276.74304,77.0
276.91257,74.0
277.0821,75.0
277.2516,76.0
277.4211,78.0
277.59064,76.0
277.76016,77.0
277.9297,76.0
278.09918,81.0
278.2687,76.0
278.43823,73.0
278.60776,81.0
278.77728,80.0
278.9468,79.0
279.11633,78.0
279.28583,69.0
279.45535,79.0
279.62488,75.0
279.7944,70.0
279.96393,71.0
280.13342,71.0
280.30295,73.0
280.47247,75.0
280.642,73.0
280.81152,73.0
280.98105,77.0
281.15057,72.0
281.32007,75.0
281.4896,76.0
281.65912,76.0
281.82864,73.0
281.99817,72.0
282.16766,76.0
282.3372,80.0
282.5067,74.0
282.67624,80.0
282.84576,72.0
283.01526,76.0
283.1848,74.0
283.3543,76.0
283.52383,75.0
283.69336,75.0
283.86288,73.0
284.0324,80.0
284.2019,75.0
284.37143,73.0
284.54095,77.0
284.71048,74.0
284.88,76.0
285.0495,75.0
285.21906,72.0
285.38855,76.0
285.55807,71.0
285.7276,73.0
285.89713,72.0
286.06665,72.0
286.23615,72.0
286.40567,76.0
286.5752,73.0
286.74472,74.0
286.91425,76.0
287.08374,73.0
287.2533,75.0
287.4228,73.0
287.59232,78.0
287.76184,75.0
287.93137,77.0
288.1009,88.0
288.2704,73.0
288.4399,76.0
288.60944,77.0
288.77896,77.0
288.9485,82.0
289.11798,73.0
289.28754,76.0
289.45703,77.0
289.62656,76.0
289.79608,77.0
289.9656,81.0
290.13513,74.0
290.30463,76.0
290.47415,73.0
290.64368,78.0
290.8132,73.0
290.98273,76.0
291.15222,77.0
291.32175,83.0
291.49127,77.0
291.6608,80.0
291.83032,78.0
291.99985,81.0
292.16937,77.0
292.33887,76.0
292.5084,82.0
292.67792,81.0
292.84744,74.0
293.01697,81.0
293.18646,76.0
293.356,73.0
293.5255,79.0
293.69504,76.0
293.86456,77.0
294.0341,80.0
294.2036,77.0
294.3731,81.0
294.54263,77.0
294.71216,77.0
294.88168,77.0
295.0512,78.0
295.2207,75.0
295.39023,77.0
295.55975,70.0
295.72928,81.0
295.8988,73.0
296.06833,76.0
296.23785,78.0
296.40735,75.0
296.57687,78.0
296.7464,78.0
296.91592,75.0
297.08545,75.0
297.25494,75.0
297.42447,74.0
297.594,80.0
297.76352,73.0
297.93304,77.0
298.10257,73.0
298.2721,72.0
298.4416,73.0
298.6111,75.0
298.78064,73.0
298.95016,77.0
299.1197,72.0
299.28918,72.0
299.4587,83.0
299.62823,77.0
299.79776,83.0
299.9673,76.0
300.13678,74.0
300.30634,81.0
300.47583,84.0
300.64536,77.0
300.81488,82.0
300.9844,76.0
301.15393,81.0
301.32343,80.0
301.49295,80.0
301.66248,80.0
301.832,80.0
302.00153,81.0
302.17102,76.0
302.34058,76.0
302.51007,80.0
302.6796,80.0
302.84912,74.0
303.01865,81.0
303.18817,77.0
303.35767,80.0
303.5272,74.0
303.69672,73.0
303.86624,81.0
304.03577,76.0
304.20526,76.0
304.37482,84.0
304.5443,75.0
304.71384,82.0
304.88336,81.0
305.0529,79.0
305.2224,82.0
305.3919,86.0
305.56143,84.0
305.73096,88.0
305.90048,82.0
306.07,84.0
306.2395,82.0
306.40906,77.0
306.57855,88.0
306.74808,83.0
306.9176,85.0
307.08713,82.0
307.25665,87.0
307.42615,88.0
307.59567,89.0
307.7652,89.0
307.93472,88.0
308.10425,84.0
308.27374,85.0
308.44327,89.0
308.6128,89.0
308.78232,85.0
308.95184,95.0
309.12137,81.0
309.2909,89.0
309.4604,83.0
309.6299,83.0
309.79944,83.0
309.96896,80.0
310.1385,85.0
310.30798,82.0
310.4775,81.0
310.64703,88.0
310.81656,77.0
310.98608,78.0
311.1556,83.0
311.32513,83.0
311.49463,80.0
311.66415,76.0
311.83368,74.0
312.0032,83.0
312.17273,80.0
312.34222,76.0
312.51175,79.0
312.68127,71.0
312.8508,75.0
313.02032,78.0
313.18985,77.0
313.35938,81.0
313.52887,78.0
313.6984,75.0
313.86792,84.0
314.03745,77.0
314.20697,78.0
314.37646,78.0
314.546,77.0
314.7155,82.0
314.88504,79.0
315.05457,81.0
315.22406,81.0
315.39362,78.0
315.5631,78.0
315.73264,81.0
315.90216,78.0
316.0717,86.0
316.2412,81.0
316.4107,78.0
316.58023,84.0
316.74976,77.0
316.91928,77.0
317.0888,76.0
317.2583,76.0
317.42786,77.0
317.59735,76.0
317.76688,77.0
317.9364,81.0
318.10593,73.0
318.27545,76.0
318.44495,81.0
318.61447,74.0
318.784,80.0
318.95352,78.0
319.12305,73.0
319.29254,79.0
319.4621,76.0
319.6316,76.0
319.80112,77.0
319.97064,73.0
320.14017,77.0
320.3097,74.0
320.4792,77.0
320.6487,87.0
320.81824,73.0
320.98776,73.0
321.1573,79.0
321.32678,70.0
321.49634,73.0
321.66583,72.0
321.83536,70.0
322.00488,73.0
322.1744,72.0
322.34393,72.0
322.51343,73.0
322.68295,72.0
322.85248,69.0
323.022,71.0
323.19153,67.0
323.36102,71.0
323.53055,72.0
323.70007,72.0
323.8696,72.0
324.03912,73.0
324.20865,78.0
324.37817,72.0
324.54767,68.0
324.7172,71.0
324.88672,71.0
325.05624,71.0
325.22577,71.0
325.39526,68.0
325.5648,67.0
325.7343,71.0
325.90384,69.0
326.07336,72.0
326.2429,69.0
326.4124,72.0
326.5819,72.0
326.75143,71.0
326.92096,75.0
327.09048,72.0
327.26,73.0
327.4295,73.0
327.59903,79.0
327.76855,84.0
327.93808,93.0
328.1076,90.0
328.2771,95.0
328.44666,97.0
328.61615,100.0
328.78568,104.0
328.9552,104.0
329.12473,108.0
329.29425,107.0
329.46375,112.0
329.6333,113.0
329.8028,114.0
329.97232,114.0
330.14185,117.0
330.31134,119.0
330.4809,118.0
330.6504,128.0
330.81992,118.0
330.98944,129.0
331.15897,121.0
331.3285,145.0
331.498,143.0
331.66754,168.0
331.83704,192.0
332.00656,233.0
332.1761,248.0
332.34558,280.0
332.51514,320.0
332.68463,344.0
332.85416,366.0
333.02368,355.0
333.1932,337.0
333.36273,313.0
333.53223,296.0
333.70178,260.0
333.87128,223.0
334.0408,183.0
334.21033,143.0
334.37982,94.0
334.54938,84.0
334.71887,79.0
334.8884,80.0
335.05792,75.0
335.22742,76.0
335.39697,74.0
335.56647,83.0
335.736,76.0
335.90552,81.0
336.07504,79.0
336.24457,74.0
336.41406,79.0
336.58362,82.0
336.7531,84.0
336.92264,79.0
337.09216,80.0
337.26166,81.0
337.4312,83.0
337.6007,78.0
337.77023,81.0
337.93976,78.0
338.10928,70.0
338.2788,70.0
338.4483,67.0
338.61786,70.0
338.78735,67.0
338.95688,68.0
339.1264,67.0
339.2959,67.0
339.46545,68.0
339.63495,70.0
339.80447,67.0
339.974,70.0
340.14352,71.0
340.31305,68.0
340.48254,68.0
340.6521,71.0
340.8216,68.0
340.99112,70.0
341.16064,70.0
341.33014,71.0
341.4997,69.0
341.6692,69.0
341.8387,66.0
342.00824,69.0
342.17776,68.0
342.3473,69.0
342.51678,71.0
342.68634,70.0
342.85583,67.0
343.02536,67.0
343.1949,66.0
343.36438,71.0
343.53394,66.0
343.70343,71.0
343.87296,66.0
344.04248,68.0
344.212,66.0
344.38153,67.0
344.55103,66.0
344.72058,67.0
344.89008,67.0
345.0596,65.0
345.22913,69.0
345.39862,66.0
345.56818,73.0
345.73767,67.0
345.9072,71.0
346.07672,71.0
346.24625,68.0
346.41577,72.0
346.58527,72.0
346.75482,71.0
346.92432,71.0
347.09384,68.0
347.26337,75.0
347.43286,70.0
347.60242,70.0
347.7719,71.0
347.94144,71.0
348.11096,70.0
348.2805,72.0
348.45,73.0
348.6195,74.0
348.78906,74.0
348.95856,74.0
349.12808,79.0
349.2976,75.0
349.4671,73.0
349.63666,76.0
349.80615,74.0
349.97568,81.0
350.1452,76.0
350.3147,74.0
350.48425,81.0
350.65375,71.0
350.82327,77.0
350.9928,72.0
351.16232,73.0
351.33185,85.0
351.50134,82.0
351.6709,76.0
351.8404,82.0
352.00992,89.0
352.17944,79.0
352.34894,89.0
352.5185,77.0
352.688,80.0
352.8575,78.0
353.02704,78.0
353.19656,78.0
353.3661,73.0
353.53558,77.0
353.70514,85.0
353.87463,76.0
354.04416,83.0
354.21368,77.0
354.38318,87.0
354.55273,81.0
354.72223,83.0
354.89175,80.0
355.06128,81.0
355.2308,74.0
355.40033,83.0
355.56982,79.0
355.73938,80.0
355.90887,79.0
356.0784,78.0
356.24792,84.0
356.41742,84.0
356.58698,82.0
356.75647,95.0
356.926,83.0
357.09552,83.0
357.26505,94.0
357.43457,85.0
357.60406,84.0
357.77362,85.0
357.9431,85.0
358.11264,86.0
358.28217,84.0
358.45166,81.0
358.62122,84.0
358.7907,87.0
358.96024,84.0
359.12976,86.0
359.2993,82.0
359.4688,92.0
359.6383,84.0
359.80786,84.0
359.97736,84.0
360.14688,87.0
360.3164,87.0
360.4859,98.0
360.65546,86.0
360.82495,91.0
360.99448,83.0
361.164,88.0
361.33353,89.0
361.50305,86.0
361.67255,96.0
361.8421,87.0
362.0116,86.0
362.18112,93.0
362.35065,103.0
362.52014,96.0
362.6897,100.0
362.8592,102.0
363.02872,96.0
363.19824,101.0
363.36777,97.0
363.5373,96.0
363.7068,98.0
363.87634,104.0
364.04584,106.0
364.21536,97.0
364.3849,99.0
364.55438,107.0
364.72394,103.0
364.89343,110.0
365.06296,111.0
365.23248,111.0
365.402,112.0
365.57153,111.0
365.74103,108.0
365.91055,115.0
366.08008,110.0
366.2496,120.0
366.41913,113.0
366.58862,122.0
366.75818,123.0
366.92767,120.0
367.0972,125.0
367.26672,124.0
367.43622,129.0
367.60577,143.0
367.77527,148.0
367.9448,143.0
368.11432,160.0
368.28384,156.0
368.45337,157.0
368.62286,180.0
368.79242,177.0
368.9619,210.0
369.13144,223.0
369.30096,247.0
369.47046,304.0
369.64,323.0
369.8095,365.0
369.97903,408.0
370.14856,456.0
370.31808,502.0
370.4876,550.0
370.6571,595.0
370.82666,636.0
370.99615,685.0
371.16568,720.0
371.3352,770.0
371.5047,809.0
371.67426,836.0
371.84375,872.0
372.01328,911.0
372.1828,983.0
372.35233,1064.0
372.52185,1162.0
372.69135,1315.0
372.8609,1431.0
373.0304,1580.0
373.19992,1744.0
373.36945,1764.0
373.53894,1765.0
373.7085,1724.0
373.878,1635.0
374.04752,1564.0
374.21704,1454.0
374.38657,1342.0
374.5561,1136.0
374.7256,937.0
374.89514,704.0
375.06464,520.0
375.23416,375.0
375.4037,293.0
375.57318,266.0
375.74274,245.0
375.91223,230.0
376.08176,223.0
376.25128,222.0
376.4208,207.0
376.59033,197.0
376.75983,201.0
376.92938,198.0
377.09888,189.0
377.2684,184.0
377.43793,180.0
377.60742,179.0
377.77698,188.0
377.94647,184.0
378.116,183.0
378.28552,169.0
378.45505,183.0
378.62457,171.0
378.79407,169.0
378.96362,159.0
379.13312,159.0
379.30264,159.0
379.47217,167.0
379.64166,158.0
379.81122,167.0
379.9807,162.0
380.15024,172.0
380.31976,170.0
380.4893,173.0
380.6588,183.0
380.8283,165.0
380.99786,164.0
381.16736,164.0
381.33688,176.0
381.5064,158.0
381.6759,167.0
381.84546,166.0
382.01495,165.0
382.18448,174.0
382.354,170.0
382.5235,166.0
382.69305,174.0
382.86255,169.0
383.03207,188.0
383.2016,185.0
383.37112,179.0
383.54065,186.0
383.71014,182.0
383.8797,186.0
384.0492,177.0
384.21872,188.0
384.38824,183.0
384.55774,183.0
384.7273,176.0
384.8968,191.0
385.0663,183.0
385.23584,191.0
385.40536,190.0
385.5749,194.0
385.7444,187.0
385.91394,192.0
386.08344,188.0
386.25296,196.0
386.4225,190.0
386.59198,194.0
386.76154,193.0
386.93103,195.0
387.10056,203.0
387.27008,189.0
387.4396,204.0
387.60913,198.0
387.77863,195.0
387.94818,195.0
388.11768,196.0
388.2872,194.0
388.45673,196.0
388.62622,204.0
388.79578,189.0
388.96527,204.0
389.1348,200.0
389.30432,201.0
389.47385,200.0
389.64337,208.0
389.81287,198.0
389.98242,204.0
390.15192,203.0
390.32144,206.0
390.49097,203.0
390.66046,208.0
390.83002,207.0
390.9995,200.0
391.16904,210.0
391.33856,204.0
391.5081,212.0
391.6776,200.0
391.8471,202.0
392.01666,203.0
392.18616,211.0
392.35568,203.0
392.5252,204.0
392.6947,199.0
392.86426,211.0
393.03375,204.0
393.20328,202.0
393.3728,204.0
393.54233,201.0
393.71185,200.0
393.88135,199.0
394.0509,200.0
394.2204,200.0
394.38992,202.0
394.55945,199.0
394.72894,204.0
394.8985,199.0
395.068,200.0
395.23752,203.0
395.40704,204.0
395.57657,200.0
395.7461,216.0
395.9156,197.0
396.08514,204.0
396.25464,203.0
396.42416,201.0
396.5937,208.0
396.76318,199.0
396.93274,201.0
397.10223,211.0
397.27176,201.0
397.44128,208.0
397.61078,209.0
397.78033,204.0
397.94983,212.0
398.11935,201.0
398.28888,213.0
398.4584,210.0
398.62793,214.0
398.79742,209.0
398.96698,206.0
399.13647,215.0
399.306,216.0
399.47552,215.0
399.64502,213.0
399.81458,219.0
399.98407,212.0
400.1536,215.0
400.32312,211.0
400.49265,208.0
400.66217,207.0
400.83167,205.0
401.00122,208.0
401.17072,214.0
401.34024,209.0
401.50977,212.0
401.67926,209.0
401.84882,212.0
402.0183,212.0
402.18784,213.0
402.35736,213.0
402.5269,211.0
402.6964,214.0
402.8659,215.0
403.03546,215.0
403.20496,213.0
403.37448,222.0
403.544,209.0
403.7135,221.0
403.88306,213.0
404.05255,224.0
404.22208,212.0
404.3916,219.0
404.56113,219.0
404.73065,227.0
404.90015,212.0
405.0697,210.0
405.2392,223.0
405.40872,219.0
405.57825,229.0
405.74774,220.0
405.9173,222.0
406.0868,219.0
406.25632,225.0
406.42584,216.0
406.59537,228.0
406.7649,218.0
406.9344,239.0
407.10394,225.0
407.27344,226.0
407.44296,225.0
407.6125,225.0
407.78198,220.0
407.95154,213.0
408.12103,220.0
408.29056,215.0
408.46008,218.0
408.6296,212.0
408.79913,229.0
408.96863,206.0
409.13818,226.0
409.30768,214.0
409.4772,216.0
409.64673,211.0
409.81622,211.0
409.98578,215.0
410.15527,212.0
410.3248,219.0
410.49432,207.0
410.66385,213.0
410.83337,208.0
411.00287,219.0
411.17242,217.0
411.34192,216.0
411.51144,206.0
411.68097,213.0
411.85046,203.0
412.02002,221.0
412.1895,207.0
412.35904,225.0
412.52856,209.0
412.6981,212.0
412.8676,206.0
413.0371,211.0
413.20663,209.0
413.37616,207.0
413.5457,209.0
413.7152,212.0
413.8847,209.0
414.05426,204.0
414.22375,214.0
414.39328,208.0
414.5628,210.0
414.7323,209.0
414.90186,212.0
415.07135,212.0
415.24088,209.0
415.4104,213.0
415.57993,215.0
415.74945,217.0
415.91895,209.0
416.0885,218.0
416.258,211.0
416.42752,211.0
416.59705,207.0
416.76654,213.0
416.9361,211.0
417.1056,213.0
417.27512,208.0
417.44464,218.0
417.61417,204.0
417.7837,218.0
417.9532,211.0
418.12274,206.0
418.29224,221.0
418.46176,213.0
418.6313,206.0
418.80078,213.0
418.97034,213.0
419.13983,208.0
419.30936,212.0
419.47888,206.0
419.6484,210.0
419.81793,202.0
419.98743,208.0
420.15698,202.0
420.32648,203.0
420.496,201.0
420.66553,202.0
420.83502,198.0
421.00458,201.0
421.17407,194.0
421.3436,204.0
421.51312,201.0
421.68265,198.0
421.85217,203.0
422.02167,200.0
422.19122,203.0
422.36072,198.0
422.53024,203.0
422.69977,194.0
422.86926,204.0
423.03882,200.0
423.2083,208.0
423.37784,201.0
423.54736,209.0
423.7169,201.0
423.8864,203.0
424.0559,209.0
424.22546,205.0
424.39496,201.0
424.56448,197.0
424.734,211.0
424.9035,198.0
425.07306,201.0
425.24255,200.0
425.41208,198.0
425.5816,194.0
425.75113,200.0
425.92065,195.0
426.09015,195.0
426.2597,195.0
426.4292,198.0
426.59872,197.0
426.76825,194.0
426.93774,201.0
427.1073,201.0
427.2768,204.0
427.44632,196.0
427.61584,201.0
427.78537,195.0
427.9549,200.0
428.1244,196.0
428.29395,201.0
428.46344,191.0
428.63297,197.0
428.8025,193.0
428.972,192.0
429.14154,190.0
429.31104,189.0
429.48056,188.0
429.6501,191.0
429.81958,194.0
429.98914,196.0
430.15863,192.0
430.32816,193.0
430.49768,187.0
430.6672,189.0
430.83673,187.0
431.00623,196.0
431.17578,193.0
431.34528,191.0
431.5148,193.0
431.68433,197.0
431.85382,189.0
432.02338,191.0
432.19287,192.0
432.3624,196.0
432.53192,190.0
432.70145,198.0
432.87097,197.0
433.04047,202.0
433.21002,201.0
433.37952,204.0
433.54904,199.0
433.71857,201.0
433.88806,198.0
434.05762,218.0
434.2271,201.0
434.39664,207.0
434.56616,210.0
434.7357,213.0
434.9052,212.0
435.0747,216.0
435.24426,221.0
435.41376,228.0
435.58328,241.0
435.7528,233.0
435.9223,241.0
436.09186,233.0
436.26135,243.0
436.43088,249.0
436.6004,273.0
436.76993,270.0
436.93945,271.0
437.10895,276.0
437.2785,302.0
437.448,300.0
437.61752,307.0
437.78705,322.0
437.95654,319.0
438.1261,348.0
438.2956,351.0
438.46512,367.0
438.63464,381.0
438.80417,379.0
438.9737,394.0
439.1432,421.0
439.31274,430.0
439.48224,432.0
439.65176,441.0
439.8213,448.0
439.99078,479.0
440.16034,476.0
440.32983,481.0
440.49936,502.0
440.66888,528.0
440.8384,522.0
441.00793,555.0
441.17743,554.0
441.347,578.0
441.51648,589.0
441.686,602.0
441.85553,603.0
442.02502,613.0
442.19458,618.0
442.36407,648.0
442.5336,644.0
442.70312,650.0
442.87265,664.0
443.04218,664.0
443.21167,672.0
443.38123,665.0
443.55072,672.0
443.72025,669.0
443.88977,669.0
444.05927,665.0
444.22882,659.0
444.39832,642.0
444.56784,646.0
444.73737,633.0
444.90686,649.0
445.07642,627.0
445.2459,629.0
445.41544,617.0
445.58496,602.0
445.7545,612.0
445.924,590.0
446.0935,585.0
446.26306,580.0
446.43256,579.0
446.60208,560.0
446.7716,565.0
446.9411,556.0
447.11066,554.0
447.28015,542.0
447.44968,544.0
447.6192,532.0
447.78873,531.0
447.95825,531.0
448.12775,512.0
448.2973,508.0
448.4668,497.0
448.63632,495.0
448.80585,492.0
448.97534,504.0
449.1449,495.0
449.3144,469.0
449.48392,483.0
449.65344,491.0
449.82297,475.0
449.9925,483.0
450.162,475.0
450.33154,463.0
450.50104,460.0
450.67056,462.0
450.8401,459.0
451.00958,457.0
451.17914,454.0
451.34863,447.0
451.51816,444.0
451.68768,438.0
451.8572,438.0
452.02673,430.0
452.19623,429.0
452.36578,414.0
452.53528,404.0
452.7048,416.0
452.87433,384.0
453.04382,406.0
453.21338,394.0
453.38287,368.0
453.5524,369.0
453.72192,361.0
453.89145,359.0
454.06097,360.0
454.23047,353.0
454.40002,356.0
454.56952,347.0
454.73904,339.0
454.90857,344.0
455.07806,341.0
455.24762,337.0
455.4171,338.0
455.58664,323.0
455.75616,324.0
455.9257,324.0
456.0952,326.0
456.2647,332.0
456.43423,327.0
456.60376,318.0
456.7733,322.0
456.9428,312.0
457.11234,314.0
457.28183,321.0
457.45135,309.0
457.62088,315.0
457.7904,302.0
457.95993,303.0
458.12946,302.0
458.29895,303.0
458.46848,298.0
458.638,293.0
458.80753,291.0
458.97705,284.0
459.14658,291.0
459.31607,291.0
459.4856,282.0
459.65512,275.0
459.82465,280.0
459.99417,262.0
460.1637,263.0
460.3332,262.0
460.50272,270.0
460.67224,248.0
460.84177,252.0
461.0113,257.0
461.18082,244.0
461.3503,236.0
461.51984,227.0
461.68936,246.0
461.8589,226.0
462.0284,224.0
462.19794,223.0
462.36743,220.0
462.53696,213.0
462.70648,222.0
462.876,209.0
463.04553,214.0
463.21506,206.0
463.38455,215.0
463.55408,200.0
463.7236,202.0
463.89313,205.0
464.06265,204.0
464.23218,197.0
464.40167,205.0
464.5712,190.0
464.74072,197.0
464.91025,202.0
465.07977,192.0
465.2493,199.0
465.4188,191.0
465.58832,185.0
465.75784,191.0
465.92737,193.0
466.0969,181.0
466.26642,188.0
466.4359,177.0
466.60544,190.0
466.77496,181.0
466.9445,177.0
467.114,177.0
467.28354,178.0
467.45303,173.0
467.62256,170.0
467.79208,172.0
467.9616,171.0
468.13113,177.0
468.30066,172.0
468.47015,180.0
468.63968,181.0
468.8092,177.0
468.97873,184.0
469.14825,180.0
469.31775,180.0
469.48727,182.0
469.6568,179.0
469.82632,176.0
469.99585,178.0
470.16537,169.0
470.33487,183.0
470.5044,175.0
470.67392,184.0
470.84344,184.0
471.01297,187.0
471.1825,188.0
471.352,187.0
471.5215,180.0
471.69104,182.0
471.86057,183.0
472.0301,188.0
472.19962,188.0
472.3691,184.0
472.53864,183.0
472.70816,184.0
472.8777,184.0
473.0472,185.0
473.21674,177.0
473.38623,188.0
473.55576,183.0
473.72528,172.0
473.8948,190.0
474.06433,175.0
474.23386,184.0
474.40335,188.0
474.57288,184.0
474.7424,191.0
474.91193,189.0
475.08145,192.0
475.25098,192.0
475.42047,184.0
475.59,189.0
475.75952,190.0
475.92905,184.0
476.09857,193.0
476.2681,171.0
476.4376,176.0
476.60712,190.0
476.77664,178.0
476.94617,183.0
477.1157,181.0
477.28522,183.0
477.4547,194.0
477.62424,190.0
477.79376,188.0
477.9633,186.0
478.1328,174.0
478.30234,187.0
478.47183,174.0
478.64136,182.0
478.81088,176.0
478.9804,190.0
479.14993,179.0
479.31946,190.0
479.48895,182.0
479.65848,188.0
479.828,189.0
479.99753,183.0
480.16705,181.0
480.33658,188.0
480.50607,187.0
480.6756,189.0
480.84512,189.0
481.01465,186.0
481.18417,193.0
481.3537,189.0
481.5232,191.0
481.69272,187.0
481.86224,192.0
482.03177,180.0
482.2013,190.0
482.37082,177.0
482.5403,191.0
482.70984,182.0
482.87936,193.0
483.0489,182.0
483.2184,184.0
483.38794,183.0
483.55743,178.0
483.72696,177.0
483.89648,180.0
484.066,180.0
484.23553,181.0
484.40503,181.0
484.57455,173.0
484.74408,187.0
484.9136,182.0
485.08313,182.0
485.25266,183.0
485.42215,183.0
485.59167,182.0
485.7612,177.0
485.93073,176.0
486.10025,180.0
486.26978,172.0
486.43927,176.0
486.6088,182.0
486.77832,164.0
486.94785,183.0
487.11737,182.0
487.2869,186.0
487.4564,182.0
487.62592,179.0
487.79544,169.0
487.96497,183.0
488.1345,178.0
488.30402,178.0
488.4735,171.0
488.64304,182.0
488.81256,171.0
488.9821,167.0
489.1516,172.0
489.32114,166.0
489.49063,175.0
489.66016,163.0
489.82968,166.0
489.9992,170.0
490.16873,164.0
490.33826,162.0
490.50775,166.0
490.67728,169.0
490.8468,167.0
491.01633,161.0
491.18585,164.0
491.35538,162.0
491.52487,157.0
491.6944,159.0
491.86392,168.0
492.03345,163.0
492.20297,159.0
492.3725,160.0
492.542,161.0
492.71152,159.0
492.88104,153.0
493.05057,158.0
493.2201,155.0
493.38962,156.0
493.5591,157.0
493.72864,155.0
493.89816,154.0
494.0677,143.0
494.2372,155.0
494.40674,139.0
494.57623,147.0
494.74576,146.0
494.91528,143.0
495.0848,153.0
495.25433,140.0
495.42386,135.0
495.59335,143.0
495.76288,135.0
495.9324,145.0
496.10193,141.0
496.27145,135.0
496.44098,137.0
496.61047,117.0
496.78,127.0
496.94952,123.0
497.11905,118.0
497.28857,117.0
497.4581,119.0
497.6276,115.0
497.79712,134.0
497.96664,123.0
498.13617,127.0
498.3057,123.0
498.47522,127.0
498.6447,126.0
498.81424,132.0
498.98376,125.0
499.1533,145.0
499.3228,120.0
499.49234,124.0
499.66183,134.0
499.83136,120.0
500.0009,121.0
500.1704,127.0
500.33994,116.0
500.50943,123.0
500.67896,124.0
500.84848,125.0
501.018,128.0
501.18753,127.0
501.35706,123.0
501.52655,124.0
501.69608,126.0
501.8656,129.0
502.03513,118.0
502.20465,136.0
502.37418,125.0
502.54367,135.0
502.7132,121.0
502.88272,123.0
503.05225,118.0
503.22177,137.0
503.3913,126.0
503.5608,116.0
503.73032,123.0
503.89984,120.0
504.06937,122.0
504.2389,130.0
504.40842,125.0
504.5779,126.0
504.74744,117.0
504.91696,121.0
505.0865,124.0
505.256,134.0
505.42554,127.0
505.59503,119.0
505.76456,120.0
505.93408,126.0
506.1036,123.0
506.27313,113.0
506.44266,129.0
506.61215,123.0
506.78168,125.0
506.9512,131.0
507.12073,129.0
507.29025,132.0
507.45978,118.0
507.62927,128.0
507.7988,123.0
507.96832,123.0
508.13785,125.0
508.30737,122.0
508.4769,116.0
508.6464,128.0
508.81592,127.0
508.98544,121.0
509.15497,129.0
509.3245,122.0
509.49402,127.0
509.6635,123.0
509.83304,118.0
510.00256,141.0
510.1721,127.0
510.3416,125.0
510.51114,139.0
510.68063,139.0
510.85016,138.0
511.01968,144.0
511.1892,148.0
511.35873,154.0
511.52826,154.0
511.69775,154.0
511.86728,156.0
512.0368,158.0
512.2063,155.0
512.37585,162.0
512.5454,166.0
512.71484,170.0
512.8844,174.0
513.05396,178.0
513.22345,176.0
513.39294,183.0
513.5625,180.0
513.732,194.0
513.9015,169.0
514.07104,185.0
514.2406,179.0
514.4101,185.0
514.5796,173.0
514.74915,187.0
514.91864,177.0
515.08813,198.0
515.2577,191.0
515.42725,198.0
515.59674,195.0
515.76624,197.0
515.9358,210.0
516.1053,204.0
516.2748,209.0
516.44434,218.0
516.61383,224.0
516.7833,238.0
516.9529,244.0
517.12244,240.0
517.29193,274.0
517.4614,252.0
517.631,298.0
517.8005,298.0
517.97,307.0
518.1395,313.0
518.3091,339.0
518.4786,347.0
518.6481,361.0
518.8176,381.0
518.9871,393.0
519.1566,430.0
519.3262,421.0
519.4957,458.0
519.66516,452.0
519.8347,475.0
520.0043,487.0
520.17377,495.0
520.34326,499.0
520.5128,530.0
520.6823,566.0
520.8518,580.0
521.02136,590.0
521.1909,612.0
521.3604,642.0
521.5299,656.0
521.69946,687.0
521.86896,712.0
522.03845,743.0
522.208,802.0
522.37756,854.0
522.54706,899.0
522.71655,946.0
522.8861,988.0
523.0556,1051.0
523.2251,1118.0
523.39465,1193.0
523.5642,1259.0
523.73364,1348.0
523.9032,1449.0
524.07275,1552.0
524.24225,1650.0
524.41174,1733.0
524.5813,1882.0
524.7508,1959.0
524.9203,2064.0
525.08984,2183.0
525.2594,2260.0
525.4289,2339.0
525.5984,2398.0
525.76794,2445.0
525.93744,2486.0
526.10693,2509.0
526.2765,2506.0
526.44604,2494.0
526.61554,2495.0
526.78503,2461.0
526.9546,2400.0
527.1241,2350.0
527.2936,2276.0
527.46313,2236.0
527.6327,2175.0
527.8021,2098.0
527.9717,2051.0
528.14124,2020.0
528.3107,1974.0
528.4802,1957.0
528.6498,1938.0
528.8193,1925.0
528.9888,1900.0
529.1583,1911.0
529.3279,1904.0
529.4974,1942.0
529.6669,1955.0
529.8364,1975.0
530.0059,2006.0
530.1754,2056.0
530.345,2105.0
530.5145,2201.0
530.684,2291.0
530.8535,2379.0
531.0231,2546.0
531.19257,2713.0
531.36206,2912.0
531.5316,3122.0
531.7011,3272.0
531.8706,3495.0
532.04016,3698.0
532.2097,3852.0
532.3792,3916.0
532.5487,3962.0
532.71826,3974.0
532.88776,3966.0
533.05725,3967.0
533.2268,3927.0
533.39636,3903.0
533.56586,3838.0
533.73535,3694.0
533.9049,3554.0
534.0744,3402.0
534.2439,3119.0
534.41345,2801.0
534.583,2382.0
534.75244,2024.0
534.922,1636.0
535.09155,1527.0
535.26105,1483.0
535.43054,1431.0
535.6001,1390.0
535.7696,1366.0
535.9391,1319.0
536.10864,1285.0
536.2782,1267.0
536.4477,1249.0
536.6172,1201.0
536.78674,1167.0
536.95624,1135.0
537.12573,1118.0
537.2953,1081.0
537.46484,1048.0
537.63434,1026.0
537.80383,980.0
537.9734,939.0
538.1429,916.0
538.3124,882.0
538.48193,849.0
538.6515,823.0
538.8209,794.0
538.9905,786.0
539.16003,747.0
539.3295,730.0
539.499,690.0
539.6686,674.0
539.8381,662.0
540.00757,643.0
540.1771,616.0
540.3467,591.0
540.5162,570.0
540.68567,551.0
540.8552,546.0
541.0247,497.0
541.1942,506.0
541.3638,485.0
541.5333,460.0
541.7028,448.0
541.8723,447.0
542.0419,426.0
542.21136,429.0
542.38086,399.0
542.5504,407.0
542.72,383.0
542.8894,365.0
543.05896,357.0
543.2285,343.0
543.398,330.0
543.5675,319.0
543.73706,309.0
543.90656,306.0
544.07605,298.0
544.2456,295.0
544.41516,297.0
544.58466,271.0
544.75415,269.0
544.9237,245.0
545.0932,235.0
545.2627,226.0
545.43225,221.0
545.6018,215.0
545.7713,213.0
545.9408,204.0
546.11035,194.0
546.27985,195.0
546.44934,183.0
546.6189,182.0
546.78845,178.0
546.9579,177.0
547.12744,170.0
547.297,160.0
547.4665,156.0
547.636,162.0
547.80554,139.0
547.97504,157.0
548.14453,134.0
548.3141,132.0
548.48364,143.0
548.65314,124.0
548.82263,121.0
548.9922,118.0
549.1617,113.0
549.3312,118.0
549.50073,109.0
549.6703,111.0
549.8397,108.0
550.0093,114.0
550.17883,108.0
550.3483,107.0
550.5178,105.0
550.6874,114.0
550.8569,104.0
551.02637,101.0
551.1959,104.0
551.3655,99.0
551.535,95.0
551.70447,101.0
551.874,98.0
552.0435,95.0
552.213,93.0
552.38257,97.0
552.5521,103.0
552.7216,94.0
552.8911,98.0
553.06067,102.0
553.23016,96.0
553.39966,94.0
553.5692,95.0
553.7388,92.0
553.9082,98.0
554.07776,102.0
554.2473,98.0
554.4168,91.0
554.5863,83.0
554.75586,88.0
554.92535,87.0
555.09485,83.0
555.2644,90.0
555.43396,91.0
555.60345,91.0
555.77295,87.0
555.9425,85.0
556.112,88.0
556.2815,84.0
556.45105,85.0
556.6206,86.0
556.7901,84.0
556.9596,84.0
557.12915,87.0
557.29865,83.0
557.46814,88.0
557.6377,87.0
557.80725,83.0
557.9767,84.0
558.14624,82.0
558.3158,84.0
558.4853,84.0
558.6548,78.0
558.82434,86.0
558.99384,79.0
559.1633,80.0
559.3329,84.0
559.50244,79.0
559.67194,83.0
559.84143,81.0
560.011,77.0
560.1805,81.0
560.35,74.0
560.51953,78.0
560.6891,78.0
560.8586,83.0
561.0281,80.0
561.19763,82.0
561.3671,76.0
561.5366,82.0
561.7062,78.0
561.87573,84.0
562.04517,78.0
562.2147,72.0
562.3843,80.0
562.5538,77.0
562.72327,77.0
562.8928,80.0
563.0623,75.0
563.2318,76.0
563.40137,79.0
563.5709,75.0
563.7404,76.0
563.9099,77.0
564.07947,71.0
564.24896,74.0
564.41846,73.0
564.588,75.0
564.75757,78.0
564.927,71.0
565.09656,78.0
565.2661,77.0
565.4356,73.0
565.6051,82.0
565.77466,77.0
565.94415,78.0
566.11365,75.0
566.2832,75.0
566.45276,75.0
566.62225,77.0
566.79175,72.0
566.9613,83.0
567.1308,76.0
567.3003,76.0
567.46985,82.0
567.6394,71.0
567.8089,75.0
567.9784,78.0
568.14795,74.0
568.31744,82.0
568.48694,72.0
568.6565,76.0
568.82605,79.0
568.9955,89.0
569.16504,80.0
569.3346,74.0
569.5041,73.0
569.6736,81.0
569.84314,81.0
570.01263,74.0
570.1821,81.0
570.3517,74.0
570.52124,77.0
570.69073,78.0
570.8602,74.0
571.0298,77.0
571.1993,74.0
571.3688,71.0
571.5383,75.0
571.7079,72.0
571.8774,79.0
572.0469,75.0
572.21643,74.0
572.3859,79.0
572.5554,72.0
572.725,78.0
572.89453,79.0
573.06396,76.0
573.2335,73.0
573.4031,75.0
573.5726,73.0
573.74207,79.0
573.9116,75.0
574.0811,74.0
574.2506,78.0
574.42017,76.0
574.5897,79.0
574.7592,77.0
574.9287,77.0
575.09827,82.0
575.26776,80.0
575.43726,75.0
575.6068,79.0
575.77637,80.0
575.94586,78.0
576.11536,78.0
576.2849,77.0
576.4544,76.0
576.6239,78.0
576.79346,74.0
576.963,79.0
577.13245,81.0
577.302,77.0
577.47156,77.0
577.64105,77.0
577.81055,80.0
577.9801,79.0
578.1496,76.0
578.3191,79.0
578.48865,83.0
578.6582,83.0
578.8277,85.0
578.9972,84.0
579.16675,86.0
579.33624,87.0
579.50574,80.0
579.6753,90.0
579.84485,87.0
580.0143,88.0
580.18384,88.0
580.3534,90.0
580.5229,89.0
580.6924,91.0
580.86194,101.0
581.03143,106.0
581.2009,113.0
581.3705,114.0
581.54004,147.0
581.70953,174.0
581.879,219.0
582.0486,249.0
582.2181,270.0
582.3876,334.0
582.5571,356.0
582.7267,405.0
582.8962,432.0
583.0657,453.0
583.2352,458.0
583.4047,454.0
583.5742,453.0
583.7438,449.0
583.9133,444.0
584.08276,435.0
584.2523,420.0
584.4219,386.0
584.5914,376.0
584.76086,330.0
584.9304,322.0
585.0999,291.0
585.2694,282.0
585.43896,254.0
585.6085,287.0
585.778,293.0
585.9475,344.0
586.11707,369.0
586.28656,410.0
586.45605,448.0
586.6256,455.0
586.79517,457.0
586.96466,454.0
587.13416,453.0
587.3037,452.0
587.4732,452.0
587.6427,438.0
587.81226,429.0
587.9818,411.0
588.15125,398.0
588.3208,362.0
588.49036,333.0
588.65985,292.0
588.82935,265.0
588.9989,227.0
589.1684,213.0
589.3379,213.0
589.50745,210.0
589.677,210.0
589.8465,206.0
590.016,208.0
590.18555,204.0
590.35504,210.0
590.52454,205.0
590.6941,208.0
590.86365,193.0
591.03314,208.0
591.20264,202.0
591.3722,206.0
591.5417,204.0
591.7112,213.0
591.88074,213.0
592.0503,217.0
592.2197,215.0
592.3893,235.0
592.55884,259.0
592.72833,254.0
592.8978,270.0
593.0674,266.0
593.2369,278.0
593.4064,274.0
593.5759,283.0
593.7455,277.0
593.915,293.0
594.0845,289.0
594.254,282.0
594.4235,292.0
594.593,290.0
594.7626,297.0
594.9321,289.0
595.10156,299.0
595.2711,295.0
595.4407,299.0
595.61017,294.0
595.77966,294.0
595.9492,294.0
596.1187,298.0
596.2882,292.0
596.45776,290.0
596.6273,285.0
596.7968,290.0
596.9663,270.0
597.13586,288.0
597.30536,280.0
597.47485,260.0
597.6444,270.0
597.81396,269.0
597.98346,248.0
598.15295,255.0
598.3225,268.0
598.492,258.0
598.6615,270.0
598.83105,257.0
599.0006,274.0
599.17004,266.0
599.3396,289.0
599.50916,289.0
599.67865,309.0
599.84814,313.0
600.0177,342.0
600.1872,340.0
600.3567,359.0
600.52625,361.0
600.6958,369.0
600.8653,386.0
601.0348,363.0
601.20435,365.0
601.37384,357.0
601.54333,355.0
601.7129,351.0
601.88245,339.0
602.05194,328.0
602.22144,311.0
602.391,292.0
602.5605,281.0
602.73,258.0
602.89954,239.0
603.0691,220.0
603.2385,206.0
603.4081,202.0
603.57764,194.0
603.74713,183.0
603.9166,178.0
604.0862,186.0
604.2557,174.0
604.4252,181.0
604.5947,177.0
604.7643,178.0
604.9338,174.0
605.1033,180.0
605.2728,174.0
605.4423,167.0
605.6118,163.0
605.7814,168.0
605.9509,178.0
606.1204,148.0
606.2899,167.0
606.4595,173.0
606.62897,182.0
606.79846,172.0
606.968,170.0
607.1376,178.0
607.307,173.0
607.47656,164.0
607.6461,193.0
607.8156,173.0
607.9851,175.0
608.15466,179.0
608.32416,187.0
608.49365,191.0
608.6632,198.0
608.83276,199.0
609.00226,202.0
609.17175,209.0
609.3413,209.0
609.5108,236.0
609.6803,228.0
609.84985,241.0
610.0194,243.0
610.1889,263.0
610.3584,247.0
610.52795,271.0
610.69745,271.0
610.86694,275.0
611.0365,285.0
611.206,282.0
611.3755,286.0
611.54504,278.0
611.7146,274.0
611.8841,259.0
612.0536,248.0
612.22314,243.0
612.39264,231.0
612.56213,209.0
612.7317,207.0
612.90125,202.0
613.07074,198.0
613.24023,181.0
613.4098,170.0
613.5793,170.0
613.7488,166.0
613.91833,161.0
614.0879,146.0
614.2573,144.0
614.4269,142.0
614.59644,141.0
614.7659,119.0
614.9354,136.0
615.105,125.0
615.2745,117.0
615.444,124.0
615.6135,128.0
615.7831,128.0
615.9526,127.0
616.1221,122.0
616.2916,125.0
616.4611,123.0
616.6306,126.0
616.8002,124.0
616.9697,116.0
617.1392,118.0
617.3087,121.0
617.4783,125.0
617.64777,127.0
617.81726,119.0
617.9868,120.0
618.1564,129.0
618.3258,121.0
618.49536,127.0
618.6649,130.0
618.8344,141.0
619.0039,128.0
619.17346,134.0
619.34296,125.0
619.51245,141.0
619.682,145.0
619.85156,151.0
620.02106,145.0
620.19055,152.0
620.3601,156.0
620.5296,157.0
620.6991,158.0
620.86865,171.0
621.0382,165.0
621.2077,172.0
621.3772,172.0
621.54675,178.0
621.71625,175.0
621.88574,179.0
622.0553,169.0
622.22485,180.0
622.3943,172.0
622.56384,185.0
622.7334,168.0
622.9029,175.0
623.0724,161.0
623.24194,168.0
623.41144,162.0
623.58093,165.0
623.7505,148.0
623.92004,157.0
624.08954,141.0
624.25903,137.0
624.4286,148.0
624.5981,132.0
624.7676,113.0
624.93713,121.0
625.1067,122.0
625.2762,127.0
625.4457,128.0
625.61523,119.0
625.7847,115.0
625.9542,110.0
626.1238,112.0
626.2933,113.0
626.46277,114.0
626.6323,110.0
626.8019,107.0
626.9714,112.0
627.14087,114.0
627.3104,104.0
627.4799,101.0
627.6494,103.0
627.819,99.0
627.9885,109.0
628.158,102.0
628.3275,100.0
628.4971,104.0
628.66656,103.0
628.83606,105.0
629.0056,106.0
629.1752,104.0
629.3446,102.0
629.51416,99.0
629.6837,105.0
629.8532,101.0
630.0227,101.0
630.19226,105.0
630.36176,108.0
630.53125,104.0
630.7008,107.0
630.87036,105.0
631.03986,110.0
631.20935,118.0
631.3789,115.0
631.5484,110.0
631.7179,116.0
631.88745,110.0
632.057,117.0
632.2265,109.0
632.396,118.0
632.56555,121.0
632.73505,112.0
632.90454,111.0
633.0741,122.0
633.24365,113.0
633.4131,125.0
633.58264,126.0
633.7522,116.0
633.9217,133.0
634.0912,132.0
634.26074,123.0
634.43024,138.0
634.59973,130.0
634.7693,135.0
634.93884,142.0
635.10834,149.0
635.27783,162.0
635.4474,169.0
635.6169,163.0
635.7864,165.0
635.95593,162.0
636.1255,173.0
636.295,185.0
636.4645,174.0
636.63403,185.0
636.8035,190.0
636.973,191.0
637.1426,198.0
637.31213,214.0
637.48157,212.0
637.6511,223.0
637.8207,237.0
637.9902,248.0
638.15967,251.0
638.3292,263.0
638.4987,285.0
638.6682,280.0
638.83777,302.0
639.0073,323.0
639.1768,334.0
639.3463,348.0
639.51587,368.0
639.68536,373.0
639.85486,407.0
640.0244,424.0
640.194,456.0
640.36346,479.0
640.53296,511.0
640.7025,564.0
640.872,621.0
641.0415,666.0
641.21106,747.0
641.3806,810.0
641.55005,897.0
641.7196,1035.0
641.88916,1147.0
642.05865,1280.0
642.22815,1402.0
642.3977,1572.0
642.5672,1692.0
642.7367,1843.0
642.90625,1961.0
643.0758,2119.0
643.2453,2190.0
643.4148,2280.0
643.58435,2338.0
643.75385,2345.0
643.92334,2329.0
644.0929,2305.0
644.26245,2276.0
644.4319,2208.0
644.60144,2127.0
644.771,2035.0
644.9405,1919.0
645.11,1785.0
645.27954,1675.0
645.44904,1533.0
645.6185,1429.0
645.7881,1265.0
645.95764,1178.0
646.12714,1079.0
646.29663,993.0
646.4662,957.0
646.6357,903.0
646.8052,881.0
646.97473,839.0
647.1443,819.0
647.3138,792.0
647.4833,776.0
647.65283,761.0
647.8223,758.0
647.9918,724.0
648.1614,727.0
648.33093,696.0
648.50037,691.0
648.6699,685.0
648.8395,669.0
649.009,667.0
649.17847,659.0
649.348,650.0
649.5175,645.0
649.687,646.0
649.85657,619.0
650.0261,618.0
650.1956,603.0
650.3651,595.0
650.53467,573.0
650.70416,574.0
650.87366,551.0
651.0432,522.0
651.21277,513.0
651.38226,471.0
651.55176,462.0
651.7213,449.0
651.8908,438.0
652.0603,419.0
652.22986,414.0
652.3994,401.0
652.56885,374.0
652.7384,345.0
652.90796,344.0
653.07745,327.0
653.24695,327.0
653.4165,306.0
653.586,296.0
653.7555,290.0
653.92505,284.0
654.0946,281.0
654.2641,270.0
654.4336,263.0
654.60315,257.0
654.77264,254.0
654.94214,244.0
655.1117,255.0
655.28125,224.0
655.45074,220.0
655.62024,217.0
655.7898,216.0
655.9593,212.0
656.1288,216.0
656.29834,206.0
656.4679,212.0
656.6373,198.0
656.8069,197.0
656.97644,198.0
657.14594,197.0
657.3154,194.0
657.485,198.0
657.6545,201.0
657.824,198.0
657.9935,197.0
658.1631,192.0
658.3326,200.0
658.5021,191.0
658.67163,197.0
658.8411,194.0
659.0106,197.0
659.1802,199.0
659.34973,197.0
659.51917,196.0
659.6887,196.0
659.8583,194.0
660.0278,204.0
660.19727,203.0
660.3668,203.0
660.5363,203.0
660.7058,207.0
660.87537,214.0
661.0449,204.0
661.2144,210.0
661.3839,208.0
661.55347,215.0
661.72296,206.0
661.89246,215.0
662.062,204.0
662.23157,213.0
662.40106,211.0
662.57056,207.0
662.7401,209.0
662.9096,210.0
663.0791,212.0
663.24866,211.0
663.4182,211.0
663.58765,205.0
663.7572,209.0
663.92676,199.0
664.09625,204.0
664.26575,205.0
664.4353,219.0
664.6048,217.0
664.7743,215.0
664.94385,221.0
665.1134,218.0
665.2829,217.0
665.4524,214.0
665.62195,225.0
665.79144,226.0
665.96094,238.0
666.1305,227.0
666.30005,233.0
666.46954,239.0
666.63904,247.0
666.8086,241.0
666.9781,252.0
667.1476,233.0
667.31714,261.0
667.4867,247.0
667.6561,254.0
667.8257,266.0
667.99524,255.0
668.16473,255.0
668.3342,256.0
668.5038,262.0
668.6733,253.0
668.8428,261.0
669.0123,258.0
669.1819,260.0
669.3514,253.0
669.5209,253.0
669.6904,261.0
669.8599,267.0
670.0294,253.0
670.199,263.0
670.3685,244.0
670.538,244.0
670.7075,248.0
670.8771,247.0
671.0466,257.0
671.21606,241.0
671.3856,259.0
671.5552,245.0
671.7246,244.0
671.89417,249.0
672.0637,252.0
672.2332,249.0
672.4027,253.0
672.57227,219.0
672.74176,232.0
672.91125,224.0
673.0808,237.0
673.25037,227.0
673.41986,221.0
673.58936,233.0
673.7589,223.0
673.9284,215.0
674.0979,213.0
674.26746,219.0
674.437,204.0
674.60645,220.0
674.776,199.0
674.94556,219.0
675.11505,208.0
675.28455,218.0
675.4541,207.0
675.6236,207.0
675.7931,209.0
675.96265,205.0
676.1322,208.0
676.3017,209.0
676.4712,215.0
676.64075,211.0
676.81024,218.0
676.97974,211.0
677.1493,213.0
677.31885,213.0
677.48834,216.0
677.65784,220.0
677.8274,236.0
677.9969,222.0
678.1664,255.0
678.33594,251.0
678.5055,258.0
678.6749,293.0
678.8445,290.0
679.01404,299.0
679.18353,311.0
679.353,317.0
679.5226,321.0
679.6921,350.0
679.8616,343.0
680.0311,349.0
680.2007,350.0
680.3702,350.0
680.5397,349.0
680.7092,339.0
680.8787,327.0
681.0482,327.0
681.2178,324.0
681.3873,309.0
681.5568,297.0
681.7263,282.0
681.8959,270.0
682.06537,243.0
682.23486,229.0
682.4044,205.0
682.574,207.0
682.7434,194.0
682.91296,183.0
683.0825,173.0
683.252,174.0
683.4215,170.0
683.59106,154.0
683.76056,139.0
683.93005,136.0
684.0996,135.0
684.26917,127.0
684.43866,122.0
684.60815,120.0
684.7777,115.0
684.9472,129.0
685.1167,109.0
685.28625,108.0
685.4558,114.0
685.6253,116.0
685.7948,116.0
685.96436,110.0
686.13385,116.0
686.30334,123.0
686.4729,109.0
686.64246,113.0
686.8119,116.0
686.98145,111.0
687.151,106.0
687.3205,111.0
687.49,111.0
687.65955,111.0
687.82904,114.0
687.99854,103.0
688.1681,110.0
688.33765,104.0
688.50714,107.0
688.67664,108.0
688.8462,102.0
689.0157,106.0
689.1852,106.0
689.35474,99.0
689.5243,110.0
689.6937,107.0
689.8633,107.0
690.03284,106.0
690.20233,102.0
690.3718,111.0
690.5414,104.0
690.7109,109.0
690.8804,114.0
691.0499,106.0
691.2195,107.0
691.389,109.0
691.5585,106.0
691.728,106.0
691.8975,103.0
692.067,97.0
692.2366,106.0
692.4061,106.0
692.5756,100.0
692.7451,100.0
692.9147,106.0
693.08417,96.0
693.25366,100.0
693.4232,96.0
693.5928,103.0
693.7622,102.0
693.93176,99.0
694.1013,99.0
694.2708,100.0
694.4403,100.0
694.60986,93.0
694.77936,94.0
694.94885,101.0
695.1184,97.0
695.28796,97.0
695.45746,94.0
695.62695,104.0
695.7965,104.0
695.966,96.0
696.1355,97.0
696.30505,103.0
696.4746,103.0
696.6441,98.0
696.8136,102.0
696.98315,102.0
697.15265,95.0
697.32214,94.0
697.4917,95.0
697.66125,98.0
697.8307,94.0
698.00024,94.0
698.1698,98.0
698.3393,99.0
698.5088,91.0
698.67834,100.0
698.84784,100.0
699.01733,100.0
699.1869,100.0
699.35645,98.0
699.52594,103.0
699.69543,103.0
699.865,99.0
700.0345,92.0
700.204,100.0
700.37354,98.0
700.5431,99.0
700.7126,94.0
700.8821,102.0
701.05164,91.0
701.2211,102.0
701.3906,99.0
701.5602,102.0
701.72974,105.0
701.8992,105.0
702.0687,100.0
702.2383,102.0
702.4078,107.0
702.5773,100.0
702.7468,99.0
702.9163,103.0
703.0858,106.0
703.2554,103.0
703.4249,109.0
703.5944,107.0
703.7639,104.0
703.9335,111.0
704.10297,111.0
704.27246,108.0
704.442,116.0
704.6116,108.0
704.78107,105.0
704.95056,106.0
705.1201,106.0
705.2896,104.0
705.4591,104.0
705.62866,105.0
705.79816,114.0
705.96765,97.0
706.1372,103.0
706.30676,118.0
706.47626,100.0
706.64575,112.0
706.8153,109.0
706.9848,109.0
707.1543,107.0
707.32385,104.0
707.4934,108.0
707.6629,112.0
707.8324,111.0
708.00195,122.0
708.17145,103.0
708.34094,105.0
708.5105,113.0
708.68005,108.0
708.8495,106.0
709.01904,111.0
709.1886,108.0
709.3581,115.0
709.5276,120.0
709.69714,109.0
709.86664,115.0
710.03613,110.0
710.2057,108.0
710.37524,114.0
710.54474,108.0
710.71423,109.0
710.8838,109.0
711.0533,113.0
711.2228,107.0
711.39233,109.0
711.5619,103.0
711.7314,114.0
711.9009,106.0
712.07043,109.0
712.2399,105.0
712.4094,112.0
712.579,106.0
712.7485,112.0
712.918,106.0
713.0875,114.0
713.2571,116.0
713.4266,112.0
713.59607,108.0
713.7656,115.0
713.9351,117.0
714.1047,104.0
714.2742,115.0
714.44366,110.0
714.6132,106.0
714.7827,118.0
714.9523,122.0
715.12177,117.0
715.2913,125.0
715.4608,114.0
715.6303,115.0
715.79987,120.0
715.96936,121.0
716.1389,130.0
716.3084,131.0
716.4779,127.0
716.64746,131.0
716.81696,131.0
716.9865,125.0
717.156,139.0
717.32556,140.0
717.49506,150.0
717.66455,158.0
717.8341,159.0
718.0036,169.0
718.17316,157.0
718.34265,178.0
718.51215,181.0
718.6817,182.0
718.8512,185.0
719.02075,185.0
719.19025,187.0
719.3598,175.0
719.5293,182.0
719.6988,183.0
719.86835,181.0
720.03784,175.0
720.2074,174.0
720.3769,176.0
720.5464,178.0
720.71594,159.0
720.88544,166.0
721.055,148.0
721.2245,160.0
721.394,140.0
721.56354,145.0
721.73303,143.0
721.9026,136.0
722.0721,142.0
722.24164,136.0
722.41113,138.0
722.5806,145.0
722.7502,142.0
722.9197,142.0
723.08923,140.0
723.2587,142.0
723.4282,153.0
723.5978,158.0
723.7673,153.0
723.9368,147.0
724.1063,154.0
724.2759,154.0
724.4454,154.0
724.61487,154.0
724.7844,154.0
724.9539,150.0
725.1235,155.0
725.29297,150.0
725.46246,147.0
725.632,160.0
725.8015,148.0
725.97107,151.0
726.14056,144.0
726.3101,154.0
726.4796,147.0
726.6491,158.0
726.81866,143.0
726.98816,154.0
727.1577,140.0
727.3272,134.0
727.4967,154.0
727.66626,133.0
727.83575,136.0
728.0053,133.0
728.1748,132.0
728.34436,150.0
728.51385,149.0
728.68335,146.0
728.8529,146.0
729.0224,145.0
729.19196,160.0
729.36145,157.0
729.53094,137.0
729.7005,150.0
729.87,134.0
730.03955,157.0
730.20905,147.0
730.3786,145.0
730.5481,132.0
730.7176,140.0
730.88715,140.0
731.05664,145.0
731.2262,140.0
731.3957,146.0
731.5652,151.0
731.73474,147.0
731.90424,140.0
732.0738,152.0
732.2433,146.0
732.41284,149.0
732.58234,147.0
732.75183,150.0
732.9214,147.0
733.0909,151.0
733.26044,148.0
733.42993,148.0
733.5994,155.0
733.769,161.0
733.9385,159.0
734.10803,154.0
734.2775,163.0
734.4471,158.0
734.6166,165.0
734.7861,161.0
734.9556,162.0
735.1251,162.0
735.2947,158.0
735.4642,162.0
735.63367,156.0
735.8032,158.0
735.9727,145.0
736.1423,150.0
736.31177,155.0
736.4813,154.0
736.6508,155.0
736.8203,145.0
736.98987,155.0
737.15936,147.0
737.3289,155.0
737.4984,150.0
737.6679,137.0
737.83746,147.0
738.00696,138.0
738.1765,146.0
738.346,133.0
738.5155,150.0
738.68506,139.0
738.85455,132.0
739.0241,136.0
739.1936,135.0
739.36316,136.0
739.53265,127.0
739.70215,143.0
739.8717,127.0
740.0412,133.0
740.21075,127.0
740.38025,119.0
740.54974,121.0
740.7193,117.0
740.8888,126.0
741.05835,126.0
741.22784,128.0
741.3974,123.0
741.5669,137.0
741.7364,143.0
741.90594,146.0
742.07544,148.0
742.245,154.0
742.4145,157.0
742.584,163.0
742.75354,172.0
742.92303,179.0
743.0926,180.0
743.2621,182.0
743.43164,176.0
743.60114,184.0
743.7706,185.0
743.9402,180.0
744.1097,181.0
744.27924,183.0
744.4487,180.0
744.6182,176.0
744.7878,177.0
744.9573,173.0
745.12683,180.0
745.2963,174.0
745.4659,172.0
745.6354,171.0
745.8049,171.0
745.9744,170.0
746.1439,169.0
746.3135,162.0
746.483,163.0
746.65247,159.0
746.822,157.0
746.9915,153.0
747.1611,146.0
747.33057,159.0
747.5001,151.0
747.6696,147.0
747.8391,149.0
748.00867,151.0
748.17816,153.0
748.3477,145.0
748.5172,139.0
748.6867,146.0
748.85626,143.0
749.02576,146.0
749.1953,149.0
749.3648,146.0
749.53436,154.0
749.70386,157.0
749.87335,143.0
750.0429,146.0
750.2124,155.0
750.38196,143.0
750.55145,155.0
750.72095,144.0
750.8905,145.0
751.06,145.0
751.22955,155.0
751.39905,151.0
751.5686,154.0
751.7381,147.0
751.9076,143.0
752.07715,155.0
752.24664,147.0
752.4162,158.0
752.5857,155.0
752.7552,148.0
752.92474,148.0
753.09424,158.0
753.2638,154.0
753.4333,154.0
753.6028,151.0
753.77234,150.0
753.94183,147.0
754.1114,153.0
754.2809,144.0
754.45044,151.0
754.61993,152.0
754.7894,154.0
754.959,142.0
755.1285,150.0
755.29803,151.0
755.4675,154.0
755.637,146.0
755.8066,147.0
755.9761,154.0
756.1456,147.0
756.3151,145.0
756.4847,141.0
756.6542,144.0
756.82367,149.0
756.9932,145.0
757.1627,142.0
757.3323,136.0
757.5018,141.0
757.67126,138.0
757.8408,127.0
758.0103,132.0
758.1799,128.0
758.34937,130.0
758.5189,125.0
758.6884,129.0
758.8579,129.0
759.02747,121.0
759.19696,123.0
759.3665,125.0
759.536,126.0
759.7055,114.0
759.87506,118.0
760.04456,136.0
760.2141,122.0
760.3836,114.0
760.55316,118.0
760.72266,120.0
760.89215,129.0
761.0617,125.0
761.2312,124.0
761.40076,127.0
761.57025,128.0
761.73975,122.0
761.9093,124.0
762.0788,125.0
762.24835,126.0
762.41785,130.0
762.5874,128.0
762.7569,138.0
762.9264,128.0
763.09595,124.0
763.26544,133.0
763.435,125.0
763.6045,138.0
763.774,128.0
763.94354,141.0
764.11304,131.0
764.2826,131.0
764.4521,130.0
764.62164,131.0
764.79114,122.0
764.96063,134.0
765.1302,128.0
765.2997,126.0
765.46924,135.0
765.63873,131.0
765.8082,120.0
765.9778,125.0
766.1473,125.0
766.31683,133.0
766.4863,131.0
766.6559,129.0
766.8254,132.0
766.9949,129.0
767.1644,136.0
767.3339,126.0
767.5035,124.0
767.673,130.0
767.84247,123.0
768.012,127.0
768.1815,141.0
768.3511,118.0
768.52057,125.0
768.69006,126.0
768.8596,131.0
769.0291,135.0
769.19867,127.0
769.36816,123.0
769.5377,131.0
769.7072,124.0
769.8767,132.0
770.04626,148.0
770.21576,132.0
770.3853,135.0
770.5548,135.0
770.7243,122.0
770.89386,139.0
771.06335,125.0
771.2329,128.0
771.4024,129.0
771.57196,121.0
771.74146,131.0
771.91095,125.0
772.0805,130.0
772.25,139.0
772.41956,131.0
772.58905,123.0
772.75854,131.0
772.9281,132.0
773.0976,129.0
773.26715,117.0
773.43665,120.0
773.6062,121.0
773.7757,124.0
773.9452,110.0
774.11475,122.0
774.28424,120.0
774.4538,116.0
774.6233,123.0
774.7928,117.0
774.96234,127.0
775.13184,121.0
775.3014,124.0
775.4709,130.0
775.64044,126.0
775.80994,121.0
775.97943,115.0
776.149,120.0
776.3185,130.0
776.48804,114.0
776.65753,114.0
776.827,113.0
776.9966,117.0
777.1661,128.0
777.33563,124.0
777.5051,120.0
777.6747,135.0
777.8442,120.0
778.0137,117.0
778.1832,138.0
778.3527,119.0
778.5223,119.0
778.6918,123.0
778.86127,128.0
779.0308,126.0
779.2003,125.0
779.3699,121.0
779.53937,119.0
779.7089,122.0
779.8784,141.0
780.0479,135.0
780.21747,130.0
780.38696,126.0
780.5565,130.0
780.726,128.0
780.8955,125.0
781.06506,137.0
781.23456,136.0
781.4041,143.0
781.5736,143.0
781.74316,142.0
781.91266,135.0
782.08215,140.0
782.2517,145.0
782.4212,138.0
782.59076,142.0
782.76025,140.0
782.92975,135.0
783.0993,143.0
783.2688,140.0
783.43835,140.0
783.60785,154.0
783.7774,143.0
783.9469,149.0
784.1164,142.0
784.28595,139.0
784.45544,143.0
784.625,141.0
784.7945,138.0
784.964,142.0
785.13354,142.0
785.30304,145.0
785.4726,143.0
785.6421,142.0
785.8116,139.0
785.98114,144.0
786.15063,130.0
786.3202,153.0
786.4897,134.0
786.65924,134.0
786.82874,134.0
786.9982,135.0
787.1678,141.0
787.3373,123.0
787.50684,107.0
787.67633,108.0
787.8458,98.0
788.0154,65.0
788.1849,61.0
788.35443,54.0
788.5239,65.0
788.6935,64.0
788.863,106.0
789.0325,81.0
789.202,64.0
789.3715,81.0
789.5411,112.0
789.7106,74.0
789.88007,57.0
790.0496,64.0
790.2191,54.0
790.3887,65.0
790.55817,64.0
790.7277,65.0
790.8972,64.0
791.0667,65.0
791.23627,65.0
791.40576,65.0
791.5753,65.0
791.7448,65.0
791.9143,60.0
792.08386,64.0
792.25336,60.0
792.4229,58.0
792.5924,65.0
792.76196,57.0
792.93146,59.0
793.10095,65.0
793.2705,64.0
793.44,65.0
793.60956,61.0
793.77905,48.0
793.94855,65.0
794.1181,61.0
794.2876,66.0
794.45715,64.0
794.62665,57.0
794.7962,61.0
794.9657,65.0
795.1352,65.0
795.30475,65.0
795.47424,64.0
795.6438,65.0
795.8133,65.0
795.9828,64.0
796.15234,65.0
796.32184,60.0
796.4914,60.0
796.6609,65.0
796.83044,65.0
796.99994,65.0
797.16943,65.0
797.339,64.0
797.5085,65.0
797.67804,58.0
797.84753,57.0
798.017,61.0
798.1866,57.0
798.3561,58.0
798.52563,57.0
798.6951,56.0
798.8647,61.0
799.0342,64.0
799.2037,65.0
799.3732,65.0
799.5427,65.0
799.7123,65.0
799.8818,65.0
800.0513,65.0
800.2208,65.0
800.3903,60.0
800.5599,65.0
800.7294,65.0
800.89886,66.0
801.0684,66.0
801.2379,66.0
801.4075,62.0
801.57697,66.0
801.7465,65.0
801.916,64.0
802.0855,66.0
802.25507,65.0
802.42456,65.0
802.5941,65.0
802.7636,60.0
802.9331,65.0
803.10266,64.0
803.27216,58.0
803.4417,64.0
803.6112,64.0
803.78076,64.0
803.95026,64.0
804.11975,64.0
804.2893,65.0
804.4588,64.0
804.62836,60.0
804.79785,65.0
804.96735,64.0
805.1369,65.0
805.3064,64.0
805.47595,57.0
805.64545,60.0
805.815,53.0
805.9845,64.0
806.154,61.0
806.32355,53.0
806.49304,60.0
806.6626,64.0
806.8321,64.0
807.0016,60.0
807.17114,54.0
807.34064,61.0
807.5102,57.0
807.6797,60.0
807.84924,64.0
808.01874,57.0
808.18823,60.0
808.3578,60.0
808.5273,60.0
808.69684,58.0
808.86633,65.0
809.0358,60.0
809.2054,56.0
809.3749,60.0
809.54443,64.0
809.7139,64.0
809.8835,56.0
810.053,60.0
810.2225,61.0
810.392,62.0
810.5615,57.0
810.7311,62.0
810.9006,58.0
811.07007,62.0
811.2396,57.0
811.4091,58.0
811.5787,64.0
811.74817,60.0
811.9177,61.0
812.0872,56.0
812.2567,48.0
812.4263,57.0
812.59576,64.0
812.7653,65.0
812.9348,65.0
813.1043,61.0
813.27386,64.0
813.44336,61.0
813.6129,65.0
813.7824,61.0
813.95197,60.0
814.12146,61.0
814.29095,56.0
814.4605,60.0
814.63,57.0
814.79956,60.0
814.96906,64.0
815.13855,65.0
815.3081,64.0
815.4776,61.0
815.64716,59.0
815.81665,58.0
815.98615,65.0
816.1557,66.0
816.3252,57.0
816.49475,61.0
816.66425,65.0
816.8338,66.0
817.0033,66.0
817.1728,64.0
817.34235,64.0
817.51184,64.0
817.6814,66.0
817.8509,65.0
818.0204,65.0
null
