wavelength,file1,
309.60687,46.0
309.7361,45.0
309.86536,44.0
309.9946,47.0
310.12387,51.0
310.2531,43.0
310.38235,45.0
310.5116,43.0
310.64087,51.0
310.77008,50.0
310.89935,51.0
311.0286,52.0
311.15784,55.0
311.28708,54.0
311.41635,51.0
311.54556,48.0
311.67484,43.0
311.80408,48.0
311.93332,50.0
312.06256,45.0
312.1918,50.0
312.32104,44.0
312.45032,42.0
312.57953,48.0
312.7088,48.0
312.838,44.0
312.9673,45.0
313.0965,50.0
313.22574,45.0
313.35498,46.0
313.48422,47.0
313.61346,42.0
313.74268,39.0
313.87195,38.0
314.00116,49.0
314.1304,47.0
314.25964,51.0
314.3889,47.0
314.5181,47.0
314.64734,48.0
314.77658,52.0
314.90582,35.0
315.03503,42.0
315.16428,48.0
315.2935,38.0
315.42273,43.0
315.55194,39.0
315.68118,46.0
315.8104,48.0
315.93964,48.0
316.06885,48.0
316.1981,49.0
316.32727,45.0
316.45648,48.0
316.58572,46.0
316.71494,45.0
316.84415,43.0
316.97336,48.0
317.1026,48.0
317.23178,45.0
317.36102,43.0
317.4902,39.0
317.61945,42.0
317.74863,45.0
317.87784,43.0
318.00705,51.0
318.13626,47.0
318.26544,49.0
318.39465,53.0
318.52383,48.0
318.65305,46.0
318.78226,44.0
318.91144,56.0
319.04062,45.0
319.16983,52.0
319.299,42.0
319.42822,47.0
319.5574,52.0
319.68658,56.0
319.81577,47.0
319.94495,48.0
320.07413,54.0
320.2033,43.0
320.3325,52.0
320.46164,48.0
320.59085,42.0
320.72,51.0
320.84918,48.0
320.97833,38.0
321.1075,39.0
321.23666,39.0
321.36584,38.0
321.495,37.0
321.62418,45.0
321.7533,44.0
321.88248,41.0
322.01163,46.0
322.14078,47.0
322.26993,48.0
322.39908,43.0
322.52823,43.0
322.65738,39.0
322.7865,45.0
322.91565,53.0
323.04477,53.0
323.1739,45.0
323.30304,41.0
323.43216,40.0
323.5613,51.0
323.69043,45.0
323.81955,56.0
323.94867,55.0
324.0778,53.0
324.2069,51.0
324.33603,49.0
324.46512,48.0
324.59427,30.0
324.72336,45.0
324.85248,44.0
324.98157,42.0
325.1107,46.0
325.23975,46.0
325.36887,49.0
325.49796,39.0
325.62704,44.0
325.75613,38.0
325.88522,38.0
326.01428,39.0
326.14337,41.0
326.27246,53.0
326.40155,55.0
326.5306,50.0
326.65967,48.0
326.78873,51.0
326.9178,46.0
327.04684,44.0
327.1759,45.0
327.30496,52.0
327.43402,55.0
327.56308,53.0
327.6921,53.0
327.82117,33.0
327.9502,46.0
328.07925,47.0
328.20825,47.0
328.3373,48.0
328.4663,49.0
328.59537,50.0
328.72437,49.0
328.8534,46.0
328.98242,43.0
329.11145,47.0
329.24045,39.0
329.36945,48.0
329.49844,48.0
329.62747,43.0
329.75644,39.0
329.88547,46.0
330.01443,44.0
330.1434,41.0
330.2724,42.0
330.40137,43.0
330.53036,42.0
330.65933,43.0
330.7883,39.0
330.91727,40.0
331.04623,46.0
331.1752,45.0
331.30417,40.0
331.4331,40.0
331.56207,49.0
331.691,53.0
331.81995,54.0
331.94888,46.0
332.07785,41.0
332.20676,37.0
332.3357,52.0
332.4646,36.0
332.59354,43.0
332.72244,43.0
332.85138,40.0
332.9803,39.0
333.1092,46.0
333.2381,39.0
333.36697,46.0
333.49588,39.0
333.62476,43.0
333.75366,43.0
333.88254,37.0
334.01144,34.0
334.1403,40.0
334.2692,35.0
334.39804,40.0
334.52692,44.0
334.65576,39.0
334.78464,43.0
334.91348,42.0
335.04233,55.0
335.17117,47.0
335.30002,43.0
335.42883,48.0
335.55768,47.0
335.6865,48.0
335.81534,48.0
335.94415,50.0
336.07297,60.0
336.20178,54.0
336.3306,51.0
336.45938,56.0
336.58817,57.0
336.71698,47.0
336.8458,46.0
336.97455,48.0
337.1033,48.0
337.23212,54.0
337.36087,47.0
337.48965,42.0
337.6184,45.0
337.74716,42.0
337.87592,39.0
338.00467,39.0
338.1334,48.0
338.26218,60.0
338.39087,48.0
338.51962,48.0
338.64835,48.0
338.77707,47.0
338.9058,52.0
339.03452,45.0
339.1632,45.0
339.29193,41.0
339.4206,37.0
339.54932,43.0
339.67798,51.0
339.8067,47.0
339.93536,43.0
340.06406,47.0
340.1927,43.0
340.32135,42.0
340.45,47.0
340.57867,47.0
340.70734,39.0
340.83597,51.0
340.96463,45.0
341.09323,50.0
341.2219,51.0
341.3505,51.0
341.47913,56.0
341.60773,42.0
341.73636,44.0
341.86493,46.0
341.99356,40.0
342.12213,46.0
342.25073,48.0
342.3793,46.0
342.5079,48.0
342.63647,45.0
342.76505,49.0
342.8936,53.0
343.02216,53.0
343.1507,45.0
343.27927,45.0
343.4078,41.0
343.53632,39.0
343.66486,41.0
343.79337,44.0
343.9219,50.0
344.0504,50.0
344.17892,52.0
344.30743,50.0
344.43594,48.0
344.56442,38.0
344.6929,42.0
344.82138,48.0
344.94986,39.0
345.07834,40.0
345.20682,45.0
345.33527,39.0
345.4637,51.0
345.59216,39.0
345.7206,39.0
345.84903,43.0
345.97748,48.0
346.1059,52.0
346.2343,48.0
346.3627,43.0
346.49115,45.0
346.61954,50.0
346.7479,45.0
346.8763,47.0
347.0047,47.0
347.13306,45.0
347.2614,48.0
347.3898,48.0
347.51816,52.0
347.6465,41.0
347.77484,47.0
347.9032,51.0
348.03152,47.0
348.15988,42.0
348.28818,39.0
348.4165,42.0
348.5448,46.0
348.67313,46.0
348.8014,47.0
348.92972,38.0
349.05798,47.0
349.18628,52.0
349.31454,55.0
349.4428,44.0
349.57108,39.0
349.69934,39.0
349.82758,44.0
349.9558,38.0
350.08405,38.0
350.21228,43.0
350.34048,43.0
350.4687,45.0
350.59692,45.0
350.7251,48.0
350.8533,53.0
350.98148,51.0
351.10968,57.0
351.23785,43.0
351.36603,49.0
351.49417,52.0
351.62234,48.0
351.7505,44.0
351.87863,51.0
352.00677,49.0
352.13492,42.0
352.263,44.0
352.39114,44.0
352.51923,47.0
352.64734,50.0
352.77542,46.0
352.90353,47.0
353.03162,40.0
353.1597,40.0
353.28775,43.0
353.41583,47.0
353.54385,40.0
353.6719,58.0
353.79996,43.0
353.928,43.0
354.056,42.0
354.18402,46.0
354.31204,51.0
354.44003,48.0
354.56802,52.0
354.696,46.0
354.824,52.0
354.95197,49.0
355.07996,50.0
355.20792,43.0
355.33588,45.0
355.4638,42.0
355.59177,43.0
355.71967,42.0
355.84763,40.0
355.97552,34.0
356.10345,40.0
356.23132,45.0
356.35925,45.0
356.48712,53.0
356.61502,48.0
356.74286,43.0
356.87073,44.0
356.9986,49.0
357.12646,43.0
357.2543,48.0
357.3821,44.0
357.50995,58.0
357.63776,42.0
357.7656,45.0
357.89337,55.0
358.02118,58.0
358.14896,56.0
358.27676,56.0
358.4045,51.0
358.53232,51.0
358.66003,47.0
358.7878,44.0
358.91556,46.0
359.0433,36.0
359.17102,34.0
359.29874,40.0
359.42645,42.0
359.55417,43.0
359.68185,48.0
359.80954,54.0
359.93723,43.0
360.06488,52.0
360.19254,47.0
360.32022,45.0
360.44785,45.0
360.57547,50.0
360.70312,49.0
360.83075,37.0
360.95837,34.0
361.08597,33.0
361.2136,39.0
361.34116,40.0
361.46875,49.0
361.5963,48.0
361.7239,43.0
361.85144,53.0
361.979,48.0
362.10654,60.0
362.23407,66.0
362.3616,65.0
362.48914,65.0
362.6166,65.0
362.74414,61.0
362.8716,71.0
362.9991,57.0
363.1266,54.0
363.25403,53.0
363.3815,55.0
363.50897,51.0
363.63638,48.0
363.76382,55.0
363.89127,55.0
364.01868,59.0
364.1461,67.0
364.27347,72.0
364.40088,85.0
364.52823,96.0
364.6556,114.0
364.78296,134.0
364.91034,166.0
365.03766,189.0
365.16504,184.0
365.29233,188.0
365.41968,176.0
365.54697,167.0
365.6743,158.0
365.80157,139.0
365.92886,124.0
366.05612,110.0
366.1834,110.0
366.31067,84.0
366.43793,72.0
366.56516,62.0
366.69238,49.0
366.8196,48.0
366.9468,53.0
367.074,57.0
367.20123,47.0
367.3284,48.0
367.45557,52.0
367.58273,49.0
367.7099,48.0
367.83707,56.0
367.96417,47.0
368.09134,45.0
368.21844,47.0
368.34555,40.0
368.47266,38.0
368.59976,47.0
368.72684,44.0
368.8539,52.0
368.981,50.0
369.10806,44.0
369.23508,40.0
369.36212,48.0
369.48917,37.0
369.61618,45.0
369.7432,46.0
369.8702,43.0
369.99716,39.0
370.12415,40.0
370.25113,53.0
370.3781,44.0
370.50504,38.0
370.632,38.0
370.7589,38.0
370.88583,48.0
371.01276,46.0
371.13965,40.0
371.26657,44.0
371.39343,48.0
371.52032,48.0
371.6472,43.0
371.77405,43.0
371.90088,42.0
372.02774,44.0
372.15454,49.0
372.28137,56.0
372.40817,48.0
372.535,52.0
372.66177,45.0
372.78854,48.0
372.9153,52.0
373.04208,47.0
373.16882,43.0
373.29553,45.0
373.42227,54.0
373.549,41.0
373.67572,47.0
373.8024,47.0
373.9291,48.0
374.0558,39.0
374.18243,47.0
374.30908,45.0
374.43576,45.0
374.56238,40.0
374.68903,41.0
374.8156,49.0
374.94223,49.0
375.06882,48.0
375.19543,51.0
375.322,49.0
375.44858,44.0
375.5751,44.0
375.70166,43.0
375.8282,47.0
375.95474,49.0
376.08124,45.0
376.20776,37.0
376.33423,43.0
376.46072,44.0
376.5872,44.0
376.71365,43.0
376.8401,43.0
376.96652,46.0
377.09296,39.0
377.21942,30.0
377.3458,57.0
377.4722,49.0
377.5986,49.0
377.72495,48.0
377.85135,43.0
377.97766,53.0
378.10403,48.0
378.23035,50.0
378.3567,47.0
378.483,52.0
378.6093,54.0
378.7356,49.0
378.86188,46.0
378.98813,32.0
379.1144,45.0
379.24066,39.0
379.3669,43.0
379.4931,52.0
379.61935,46.0
379.74554,47.0
379.87173,49.0
379.99792,44.0
380.12408,43.0
380.25024,42.0
380.3764,44.0
380.50253,48.0
380.62866,40.0
380.7548,39.0
380.8809,38.0
381.007,48.0
381.13306,48.0
381.25916,43.0
381.3852,41.0
381.51126,53.0
381.63727,58.0
381.76334,56.0
381.8893,56.0
382.01535,48.0
382.14133,43.0
382.26733,44.0
382.39328,41.0
382.51926,52.0
382.6452,50.0
382.77115,46.0
382.89706,48.0
383.02298,51.0
383.14886,50.0
383.27475,41.0
383.40063,45.0
383.52652,40.0
383.65237,46.0
383.7782,45.0
383.90405,43.0
384.02988,46.0
384.1557,40.0
384.28146,36.0
384.4073,43.0
384.53305,40.0
384.6588,53.0
384.78455,50.0
384.9103,47.0
385.03604,47.0
385.16177,52.0
385.28745,44.0
385.41318,47.0
385.53885,44.0
385.66452,40.0
385.79016,44.0
385.91583,43.0
386.04144,46.0
386.16708,38.0
386.2927,48.0
386.4183,48.0
386.54388,50.0
386.66946,55.0
386.795,51.0
386.92056,44.0
387.0461,38.0
387.17166,40.0
387.29715,45.0
387.42264,52.0
387.54816,48.0
387.6736,49.0
387.7991,57.0
387.92453,58.0
388.05,63.0
388.1754,61.0
388.30084,56.0
388.42624,48.0
388.55167,54.0
388.67703,55.0
388.8024,50.0
388.92776,54.0
389.0531,54.0
389.17844,55.0
389.30377,49.0
389.42908,51.0
389.55438,55.0
389.67966,52.0
389.80493,56.0
389.93018,55.0
390.05542,53.0
390.18066,54.0
390.3059,60.0
390.4311,55.0
390.55627,59.0
390.6815,53.0
390.80667,56.0
390.93182,47.0
391.05695,56.0
391.1821,55.0
391.3072,60.0
391.43234,60.0
391.5574,56.0
391.68253,65.0
391.80756,57.0
391.93265,64.0
392.05768,61.0
392.18274,62.0
392.30774,63.0
392.43274,58.0
392.55774,63.0
392.6827,62.0
392.80768,52.0
392.93265,59.0
393.0576,71.0
393.1825,69.0
393.30743,68.0
393.43237,69.0
393.55725,74.0
393.6821,78.0
393.80698,77.0
393.93185,72.0
394.05667,92.0
394.1815,86.0
394.30634,101.0
394.43112,105.0
394.5559,106.0
394.68066,110.0
394.80545,130.0
394.93018,141.0
395.05493,162.0
395.17966,170.0
395.30438,196.0
395.42905,217.0
395.55377,241.0
395.6784,269.0
395.8031,285.0
395.9277,292.0
396.05237,293.0
396.17697,303.0
396.30154,300.0
396.42615,298.0
396.55075,307.0
396.6753,320.0
396.79984,320.0
396.92438,324.0
397.04892,347.0
397.17343,388.0
397.2979,441.0
397.42242,557.0
397.5469,661.0
397.67133,720.0
397.79578,715.0
397.92023,713.0
398.04462,694.0
398.16904,670.0
398.2934,639.0
398.4178,603.0
398.54214,552.0
398.6665,486.0
398.79083,413.0
398.91516,344.0
399.03946,264.0
399.16376,168.0
399.28802,119.0
399.4123,101.0
399.53656,101.0
399.6608,87.0
399.78503,94.0
399.9092,91.0
400.03345,93.0
400.15762,90.0
400.2818,78.0
400.4059,91.0
400.5301,85.0
400.65424,74.0
400.77832,78.0
400.9024,77.0
401.02652,85.0
401.15057,86.0
401.27466,82.0
401.39868,82.0
401.52274,83.0
401.64673,89.0
401.77075,84.0
401.8947,91.0
402.0187,90.0
402.14264,91.0
402.2666,88.0
402.39053,85.0
402.51443,87.0
402.63837,85.0
402.76227,73.0
402.8861,81.0
403.00998,72.0
403.13382,70.0
403.2577,78.0
403.38147,74.0
403.50528,81.0
403.6291,73.0
403.75287,82.0
403.87662,81.0
404.00034,84.0
404.12408,87.0
404.2478,87.0
404.37152,83.0
404.4952,83.0
404.6189,87.0
404.74252,79.0
404.86618,78.0
404.9898,80.0
405.11343,78.0
405.23703,69.0
405.36063,73.0
405.4842,74.0
405.60776,70.0
405.7313,64.0
405.85486,72.0
405.97833,65.0
406.10184,77.0
406.22534,76.0
406.34882,75.0
406.47226,73.0
406.59567,73.0
406.71912,85.0
406.84256,80.0
406.96594,91.0
407.0893,90.0
407.2127,90.0
407.33606,91.0
407.45938,91.0
407.5827,86.0
407.70602,91.0
407.82928,77.0
407.9526,81.0
408.07584,77.0
408.1991,84.0
408.32233,84.0
408.44556,82.0
408.56876,83.0
408.69196,72.0
408.81512,87.0
408.9383,84.0
409.06143,83.0
409.18454,84.0
409.30768,86.0
409.4308,91.0
409.55386,91.0
409.6769,83.0
409.8,83.0
409.92303,81.0
410.04605,81.0
410.16904,74.0
410.29205,95.0
410.41504,93.0
410.538,88.0
410.66092,86.0
410.78387,83.0
410.90677,92.0
411.0297,91.0
411.15256,94.0
411.27545,92.0
411.3983,86.0
411.52115,83.0
411.64395,89.0
411.76678,78.0
411.88956,81.0
412.01236,79.0
412.1351,81.0
412.25784,89.0
412.38058,92.0
412.50333,85.0
412.626,94.0
412.7487,88.0
412.87137,87.0
412.99405,93.0
413.11667,90.0
413.2393,87.0
413.3619,95.0
413.4845,96.0
413.6071,97.0
413.7296,97.0
413.85217,97.0
413.9747,98.0
414.09723,90.0
414.21973,93.0
414.34222,94.0
414.46466,98.0
414.58713,90.0
414.70956,103.0
414.832,97.0
414.95438,89.0
415.07678,90.0
415.19916,95.0
415.32153,96.0
415.44385,96.0
415.5662,106.0
415.68848,96.0
415.81076,96.0
415.93304,96.0
416.05533,105.0
416.17758,103.0
416.29977,99.0
416.422,102.0
416.54422,100.0
416.66638,101.0
416.78854,96.0
416.9107,98.0
417.03284,95.0
417.15497,99.0
417.27704,98.0
417.39917,96.0
417.5212,92.0
417.64328,92.0
417.7653,103.0
417.88733,92.0
418.00934,86.0
418.13135,97.0
418.2533,97.0
418.37527,92.0
418.4972,90.0
418.61914,104.0
418.74103,104.0
418.8629,106.0
418.9848,108.0
419.10666,113.0
419.2285,119.0
419.3503,110.0
419.47214,123.0
419.59393,131.0
419.7157,116.0
419.83746,105.0
419.9592,103.0
420.08096,99.0
420.20264,105.0
420.32434,105.0
420.446,104.0
420.56766,102.0
420.68933,102.0
420.81094,104.0
420.9326,103.0
421.05417,103.0
421.17575,104.0
421.2973,111.0
421.41885,110.0
421.54037,105.0
421.6619,106.0
421.7834,102.0
421.90485,98.0
422.02634,102.0
422.1478,92.0
422.26923,93.0
422.3906,92.0
422.51202,99.0
422.63342,105.0
422.75476,97.0
422.8761,104.0
422.99744,109.0
423.11877,105.0
423.24005,96.0
423.36133,93.0
423.48257,91.0
423.60382,96.0
423.72507,94.0
423.84625,100.0
423.96747,100.0
424.08862,102.0
424.2098,94.0
424.33093,99.0
424.4521,99.0
424.57318,103.0
424.69427,104.0
424.81534,111.0
424.9364,112.0
425.05743,110.0
425.17847,102.0
425.29947,97.0
425.42044,100.0
425.54144,104.0
425.6624,105.0
425.78333,105.0
425.90424,111.0
426.02518,111.0
426.14606,119.0
426.2669,120.0
426.38776,113.0
426.5086,107.0
426.62943,111.0
426.75024,101.0
426.871,111.0
426.9918,105.0
427.11252,105.0
427.23328,115.0
427.35397,111.0
427.47467,112.0
427.59534,103.0
427.71603,102.0
427.83664,103.0
427.9573,102.0
428.07788,98.0
428.1985,93.0
428.31906,98.0
428.4396,90.0
428.56015,98.0
428.6807,91.0
428.8012,91.0
428.92166,96.0
429.04214,94.0
429.16263,95.0
429.28305,98.0
429.40344,91.0
429.52386,95.0
429.64426,85.0
429.76462,90.0
429.88495,104.0
430.00528,97.0
430.12558,99.0
430.2459,100.0
430.36615,105.0
430.48645,109.0
430.60666,106.0
430.7269,113.0
430.8471,103.0
430.9673,100.0
431.08746,100.0
431.2076,100.0
431.32773,100.0
431.44785,87.0
431.56796,108.0
431.68805,109.0
431.8081,113.0
431.92813,109.0
432.0482,106.0
432.1682,107.0
432.28818,105.0
432.40814,102.0
432.5281,105.0
432.64807,98.0
432.76797,100.0
432.88788,103.0
433.00775,92.0
433.12762,93.0
433.24747,96.0
433.3673,101.0
433.48712,96.0
433.6069,98.0
433.72668,97.0
433.84644,99.0
433.9662,106.0
434.0859,107.0
434.20563,103.0
434.3253,96.0
434.44498,96.0
434.5646,100.0
434.68427,90.0
434.80386,85.0
434.92343,82.0
435.04303,84.0
435.1626,85.0
435.28214,84.0
435.40164,85.0
435.52115,77.0
435.64066,88.0
435.7601,81.0
435.87955,91.0
435.999,92.0
436.11838,96.0
436.2378,94.0
436.35718,88.0
436.47653,94.0
436.59586,96.0
436.7152,94.0
436.83447,97.0
436.95377,95.0
437.07303,93.0
437.1923,100.0
437.3115,101.0
437.43073,105.0
437.5499,98.0
437.6691,107.0
437.78824,105.0
437.90735,104.0
438.0265,103.0
438.1456,98.0
438.26468,92.0
438.38373,97.0
438.50278,90.0
438.62183,90.0
438.7408,86.0
438.85977,89.0
438.97876,81.0
439.09772,91.0
439.21664,94.0
439.33554,94.0
439.45444,105.0
439.5733,94.0
439.69217,100.0
439.811,99.0
439.92984,96.0
440.0486,88.0
440.16742,92.0
440.28616,91.0
440.4049,92.0
440.52362,88.0
440.64236,91.0
440.76102,91.0
440.87967,99.0
440.99835,99.0
441.11697,109.0
441.2356,108.0
441.35416,102.0
441.47275,94.0
441.5913,78.0
441.70984,82.0
441.82834,91.0
441.94687,81.0
442.06534,80.0
442.18378,89.0
442.30222,78.0
442.42065,80.0
442.53903,83.0
442.65744,80.0
442.7758,80.0
442.89417,82.0
443.01245,81.0
443.1308,85.0
443.24905,84.0
443.36734,81.0
443.48557,92.0
443.60382,88.0
443.72202,97.0
443.8402,91.0
443.95837,97.0
444.07657,93.0
444.19467,91.0
444.31277,88.0
444.43088,98.0
444.54898,95.0
444.66702,95.0
444.78503,101.0
444.90308,104.0
445.0211,112.0
445.13907,113.0
445.25702,114.0
445.37497,114.0
445.49286,110.0
445.61078,99.0
445.72867,104.0
445.84653,105.0
445.96436,106.0
446.0822,111.0
446.2,111.0
446.3178,103.0
446.43555,108.0
446.5533,111.0
446.67102,111.0
446.78876,111.0
446.90643,114.0
447.0241,117.0
447.14175,124.0
447.25937,129.0
447.37698,128.0
447.4946,137.0
447.61215,133.0
447.72968,147.0
447.84723,152.0
447.96475,146.0
448.08224,140.0
448.1997,138.0
448.31717,146.0
448.43463,146.0
448.552,153.0
448.6694,157.0
448.7868,163.0
448.9041,169.0
449.02148,170.0
449.1388,179.0
449.2561,180.0
449.37335,187.0
449.49063,187.0
449.60785,184.0
449.7251,201.0
449.84225,202.0
449.95944,209.0
450.0766,213.0
450.19373,211.0
450.31085,218.0
450.42798,219.0
450.54504,226.0
450.66208,238.0
450.7791,226.0
450.89618,239.0
451.01315,238.0
451.1301,257.0
451.24707,258.0
451.36404,263.0
451.48096,271.0
451.59784,265.0
451.71472,270.0
451.83157,269.0
451.94843,268.0
452.06522,285.0
452.18204,273.0
452.2988,275.0
452.4156,274.0
452.5323,271.0
452.64902,264.0
452.76572,267.0
452.88242,259.0
452.99905,261.0
453.11566,263.0
453.2323,252.0
453.3489,257.0
453.46548,258.0
453.58203,254.0
453.69858,235.0
453.81512,235.0
453.93158,233.0
454.04807,239.0
454.16452,225.0
454.28098,224.0
454.39737,219.0
454.51376,216.0
454.63016,225.0
454.7465,214.0
454.86285,224.0
454.97913,222.0
455.09546,219.0
455.2117,224.0
455.32797,212.0
455.44418,209.0
455.56042,210.0
455.6766,214.0
455.7928,206.0
455.90894,209.0
456.0251,216.0
456.14117,207.0
456.25726,205.0
456.37332,203.0
456.48935,203.0
456.6054,202.0
456.72144,200.0
456.8374,191.0
456.95334,194.0
457.0693,195.0
457.18524,194.0
457.30115,189.0
457.41702,194.0
457.5329,193.0
457.64874,200.0
457.76456,196.0
457.88034,185.0
457.99615,192.0
458.1119,191.0
458.22766,182.0
458.34335,181.0
458.45908,178.0
458.57474,183.0
458.69043,166.0
458.80603,159.0
458.92166,153.0
459.03726,151.0
459.15283,147.0
459.26837,152.0
459.3839,162.0
459.49942,139.0
459.61493,150.0
459.7304,149.0
459.84583,149.0
459.96127,149.0
460.0767,150.0
460.19208,150.0
460.30743,142.0
460.4228,132.0
460.53815,142.0
460.6534,133.0
460.7687,132.0
460.88397,126.0
460.9992,132.0
461.11444,131.0
461.2296,131.0
461.34482,134.0
461.45996,129.0
461.57513,138.0
461.69022,140.0
461.80533,139.0
461.9204,140.0
462.03546,136.0
462.15048,131.0
462.26547,139.0
462.3805,131.0
462.49548,128.0
462.6104,112.0
462.7253,118.0
462.84024,107.0
462.95514,109.0
463.07,116.0
463.1848,119.0
463.29965,113.0
463.4145,107.0
463.52924,113.0
463.64398,112.0
463.75876,104.0
463.87344,107.0
463.98816,108.0
464.1028,108.0
464.2175,107.0
464.33212,105.0
464.44675,107.0
464.5613,101.0
464.6759,102.0
464.79044,100.0
464.90497,106.0
465.01947,110.0
465.13397,110.0
465.2484,112.0
465.36288,96.0
465.4773,95.0
465.59167,95.0
465.70605,90.0
465.82043,97.0
465.93475,96.0
466.04904,86.0
466.16336,91.0
466.27765,89.0
466.39188,96.0
466.5061,91.0
466.62033,89.0
466.73453,90.0
466.84866,91.0
466.9628,86.0
467.07693,97.0
467.19104,105.0
467.3051,99.0
467.41916,102.0
467.53317,103.0
467.64722,101.0
467.76123,106.0
467.87518,105.0
467.9891,98.0
468.10306,94.0
468.21698,82.0
468.33084,84.0
468.4447,86.0
468.55856,84.0
468.6724,81.0
468.7862,85.0
468.89996,84.0
469.01373,79.0
469.12747,79.0
469.24118,79.0
469.35486,85.0
469.46854,71.0
469.5822,82.0
469.6958,85.0
469.8094,84.0
469.923,82.0
470.0366,83.0
470.15012,86.0
470.2636,82.0
470.37714,78.0
470.49057,84.0
470.60406,81.0
470.71747,86.0
470.83087,88.0
470.94427,86.0
471.05765,81.0
471.171,79.0
471.2843,79.0
471.3976,70.0
471.5109,67.0
471.62415,79.0
471.73737,81.0
471.8506,74.0
471.9638,76.0
472.07697,67.0
472.1901,75.0
472.30325,67.0
472.41635,76.0
472.52942,74.0
472.6425,81.0
472.75555,76.0
472.86856,78.0
472.98157,93.0
473.0945,78.0
473.2075,96.0
473.32043,89.0
473.43332,87.0
473.5462,95.0
473.65906,93.0
473.7719,84.0
473.88474,82.0
473.99753,80.0
474.1103,84.0
474.22305,79.0
474.33582,79.0
474.44852,81.0
474.5612,82.0
474.67386,84.0
474.78653,84.0
474.89914,85.0
475.01172,83.0
475.1243,74.0
475.23688,82.0
475.3494,83.0
475.4619,81.0
475.5744,92.0
475.6869,91.0
475.79932,99.0
475.91174,85.0
476.02414,94.0
476.13654,90.0
476.2489,86.0
476.3612,85.0
476.4735,86.0
476.58582,79.0
476.69812,76.0
476.81033,78.0
476.92255,80.0
477.03476,88.0
477.14697,79.0
477.2591,76.0
477.37122,83.0
477.48337,84.0
477.59546,82.0
477.70752,91.0
477.81955,88.0
477.93158,82.0
478.0436,96.0
478.15558,100.0
478.26752,100.0
478.3795,101.0
478.4914,103.0
478.60327,98.0
478.71515,82.0
478.827,74.0
478.93884,90.0
479.05063,84.0
479.16238,81.0
479.27417,99.0
479.3859,96.0
479.49762,91.0
479.60928,85.0
479.72095,83.0
479.8326,89.0
479.94424,80.0
480.05585,89.0
480.1674,84.0
480.27896,90.0
480.39053,86.0
480.502,89.0
480.6135,86.0
480.72498,70.0
480.83643,89.0
480.94785,91.0
481.05923,94.0
481.17062,91.0
481.28198,99.0
481.3933,107.0
481.5046,96.0
481.6159,94.0
481.72717,95.0
481.8384,87.0
481.94962,84.0
482.06082,90.0
482.17203,89.0
482.28314,93.0
482.39426,90.0
482.50537,92.0
482.61646,91.0
482.72754,94.0
482.83856,89.0
482.94955,87.0
483.06058,90.0
483.17157,90.0
483.2825,85.0
483.3934,79.0
483.50433,69.0
483.61523,89.0
483.72607,74.0
483.83688,81.0
483.94772,82.0
484.05853,82.0
484.16928,98.0
484.28,89.0
484.39075,92.0
484.50146,90.0
484.61212,96.0
484.72275,99.0
484.8334,117.0
484.94403,105.0
485.0546,108.0
485.16516,107.0
485.27567,101.0
485.3862,99.0
485.4967,97.0
485.60718,90.0
485.71762,89.0
485.82806,83.0
485.93848,84.0
486.04883,84.0
486.15918,80.0
486.26953,80.0
486.37985,76.0
486.49014,89.0
486.6004,90.0
486.71063,94.0
486.8209,96.0
486.93106,98.0
487.04123,96.0
487.1514,95.0
487.26154,94.0
487.37164,95.0
487.48172,92.0
487.5918,91.0
487.70184,82.0
487.81183,82.0
487.9218,76.0
488.0318,71.0
488.14172,73.0
488.25168,64.0
488.36157,80.0
488.47144,77.0
488.5813,72.0
488.69113,79.0
488.80093,77.0
488.9107,74.0
489.02048,72.0
489.13025,67.0
489.23996,79.0
489.34964,77.0
489.45932,88.0
489.56897,85.0
489.6786,87.0
489.78818,94.0
489.89777,84.0
490.00735,90.0
490.11685,78.0
490.22635,90.0
490.33588,89.0
490.44534,83.0
490.55478,82.0
490.66418,80.0
490.7736,79.0
490.88297,80.0
490.9923,69.0
491.10162,85.0
491.2109,75.0
491.3202,80.0
491.42947,78.0
491.5387,89.0
491.6479,91.0
491.75708,91.0
491.86627,97.0
491.9754,93.0
492.0845,103.0
492.1936,95.0
492.3027,85.0
492.41174,94.0
492.52075,82.0
492.62976,87.0
492.73877,85.0
492.8477,81.0
492.9566,77.0
493.06555,71.0
493.17444,76.0
493.2833,64.0
493.39212,73.0
493.50095,72.0
493.60977,70.0
493.7185,70.0
493.82724,62.0
493.93597,63.0
494.04468,65.0
494.15338,61.0
494.26202,71.0
494.37064,71.0
494.47925,73.0
494.58786,73.0
494.6964,73.0
494.80493,72.0
494.91345,67.0
495.02197,68.0
495.1304,68.0
495.23883,68.0
495.3473,73.0
495.4557,71.0
495.56406,77.0
495.6724,65.0
495.78073,72.0
495.88904,74.0
495.9973,71.0
496.10556,77.0
496.2138,85.0
496.32205,85.0
496.4302,85.0
496.53836,86.0
496.6465,80.0
496.75464,72.0
496.86273,74.0
496.9708,74.0
497.07883,84.0
497.18686,84.0
497.2949,82.0
497.40286,87.0
497.5108,80.0
497.61874,81.0
497.72665,82.0
497.83453,82.0
497.94238,81.0
498.05023,74.0
498.15805,72.0
498.26584,82.0
498.3736,86.0
498.48135,92.0
498.58908,73.0
498.69678,82.0
498.8044,80.0
498.91208,82.0
499.0197,82.0
499.12732,84.0
499.2349,86.0
499.34247,84.0
499.45,92.0
499.5575,76.0
499.66498,68.0
499.77243,73.0
499.87988,66.0
499.9873,65.0
500.09467,69.0
500.20203,67.0
500.3094,73.0
500.41672,73.0
500.52402,77.0
500.63126,78.0
500.73853,80.0
500.84576,80.0
500.95297,80.0
501.06012,77.0
501.1673,79.0
501.27444,90.0
501.38156,86.0
501.48862,94.0
501.5957,96.0
501.70276,105.0
501.80975,96.0
501.91672,115.0
502.0237,111.0
502.13068,105.0
502.23758,93.0
502.34445,102.0
502.45132,101.0
502.55817,98.0
502.665,101.0
502.77182,96.0
502.87857,106.0
502.98535,103.0
503.0921,107.0
503.1988,104.0
503.30545,99.0
503.41214,103.0
503.5188,100.0
503.62537,95.0
503.73196,100.0
503.83853,103.0
503.9451,99.0
504.0516,94.0
504.15808,103.0
504.26456,101.0
504.37103,101.0
504.47745,102.0
504.58383,108.0
504.69022,113.0
504.79657,111.0
504.9029,120.0
505.0092,121.0
505.11545,114.0
505.22174,107.0
505.32797,111.0
505.43417,109.0
505.54034,118.0
505.6465,117.0
505.7527,128.0
505.8588,142.0
505.96484,138.0
506.07095,140.0
506.177,148.0
506.28302,158.0
506.38898,160.0
506.495,180.0
506.60095,168.0
506.70685,194.0
506.81274,194.0
506.91864,199.0
507.0245,214.0
507.1303,219.0
507.2361,225.0
507.34192,230.0
507.4477,236.0
507.5534,260.0
507.65912,266.0
507.7648,278.0
507.87048,276.0
507.9761,287.0
508.08173,287.0
508.1873,296.0
508.29288,306.0
508.39844,302.0
508.50394,326.0
508.60944,339.0
508.7149,350.0
508.82037,379.0
508.92578,392.0
509.0312,395.0
509.13657,415.0
509.24194,426.0
509.34726,444.0
509.45255,468.0
509.55786,483.0
509.66312,521.0
509.76834,543.0
509.87354,581.0
509.97876,616.0
510.08392,645.0
510.18906,689.0
510.29416,736.0
510.39926,784.0
510.50433,824.0
510.60938,886.0
510.7144,919.0
510.81937,965.0
510.92435,1008.0
511.0293,1049.0
511.13422,1095.0
511.2391,1130.0
511.344,1165.0
511.44885,1191.0
511.55368,1209.0
511.65848,1216.0
511.76328,1213.0
511.86804,1201.0
511.97278,1183.0
512.07745,1172.0
512.1821,1150.0
512.28687,1124.0
512.3915,1091.0
512.49603,1077.0
512.60065,1044.0
512.70526,1027.0
512.80975,1001.0
512.9143,993.0
513.0188,959.0
513.1233,944.0
513.2277,932.0
513.3321,931.0
513.4365,924.0
513.5409,926.0
513.64526,921.0
513.7496,927.0
513.8539,934.0
513.9581,940.0
514.06244,930.0
514.1666,920.0
514.2708,925.0
514.375,941.0
514.4792,958.0
514.5833,973.0
514.68744,1003.0
514.7915,1032.0
514.89557,1094.0
514.99963,1153.0
515.10364,1230.0
515.20764,1316.0
515.3116,1424.0
515.4155,1544.0
515.5194,1663.0
515.62335,1788.0
515.72723,1891.0
515.83105,1969.0
515.9349,2030.0
516.0387,2052.0
516.14246,2053.0
516.2462,2045.0
516.3499,2026.0
516.4536,2004.0
516.5573,1960.0
516.661,1894.0
516.7646,1798.0
516.86816,1699.0
516.9718,1589.0
517.0754,1461.0
517.1789,1320.0
517.2824,1162.0
517.38586,1035.0
517.4894,914.0
517.5928,823.0
517.69617,781.0
517.7996,748.0
517.90295,741.0
518.0063,721.0
518.1096,705.0
518.2129,681.0
518.3162,661.0
518.41943,655.0
518.52264,641.0
518.62585,628.0
518.72906,617.0
518.8322,602.0
518.9353,594.0
519.0384,568.0
519.1415,551.0
519.24457,529.0
519.34753,521.0
519.45056,515.0
519.5535,501.0
519.65656,478.0
519.75946,468.0
519.86237,453.0
519.9653,446.0
520.0681,425.0
520.17096,417.0
520.27374,397.0
520.3765,394.0
520.4793,374.0
520.58203,366.0
520.68475,365.0
520.7875,349.0
520.89014,353.0
520.9928,341.0
521.0954,318.0
521.198,318.0
521.3006,320.0
521.40314,311.0
521.5056,305.0
521.60815,289.0
521.71063,289.0
521.8131,283.0
521.9155,273.0
522.0179,267.0
522.1203,257.0
522.22266,248.0
522.32495,240.0
522.42725,237.0
522.52954,225.0
522.63184,238.0
522.7341,224.0
522.83624,231.0
522.9385,234.0
523.04065,234.0
523.14276,228.0
523.2449,226.0
523.347,221.0
523.44904,219.0
523.5511,210.0
523.6531,203.0
523.7551,201.0
523.85706,201.0
523.95905,190.0
524.0609,190.0
524.16284,181.0
524.2647,170.0
524.3666,168.0
524.4684,170.0
524.5702,158.0
524.67194,159.0
524.77374,157.0
524.8754,149.0
524.9771,142.0
525.07886,143.0
525.1805,135.0
525.2821,128.0
525.3837,125.0
525.48535,127.0
525.5869,123.0
525.6884,122.0
525.7899,122.0
525.8914,121.0
525.9929,112.0
526.09436,120.0
526.19574,124.0
526.2971,127.0
526.3985,117.0
526.4999,118.0
526.60114,118.0
526.70245,118.0
526.8038,117.0
526.90497,124.0
527.0062,122.0
527.10736,114.0
527.20856,108.0
527.30975,89.0
527.4109,95.0
527.51196,91.0
527.61304,92.0
527.7141,87.0
527.8151,91.0
527.91614,97.0
528.0171,98.0
528.1181,96.0
528.219,96.0
528.3199,96.0
528.42084,90.0
528.52167,81.0
528.6225,97.0
528.7233,96.0
528.8241,90.0
528.9249,84.0
529.02563,84.0
529.12634,86.0
529.22705,80.0
529.32776,84.0
529.42834,79.0
529.529,80.0
529.6295,81.0
529.73016,85.0
529.8307,86.0
529.9312,85.0
530.0317,87.0
530.1322,86.0
530.23267,80.0
530.33307,77.0
530.4335,82.0
530.5339,84.0
530.6342,84.0
530.73456,90.0
530.83484,89.0
530.9351,82.0
531.0354,79.0
531.1356,81.0
531.23584,82.0
531.33606,78.0
531.4362,75.0
531.5364,84.0
531.6365,84.0
531.7366,82.0
531.8367,83.0
531.93665,76.0
532.0367,84.0
532.13666,84.0
532.23663,86.0
532.3366,73.0
532.4365,76.0
532.5364,83.0
532.6363,83.0
532.73615,73.0
532.83594,62.0
532.9357,67.0
533.0355,72.0
533.1353,67.0
533.23505,76.0
533.3347,78.0
533.43445,78.0
533.5341,71.0
533.6337,67.0
533.73334,74.0
533.8329,72.0
533.9325,81.0
534.032,77.0
534.13153,80.0
534.231,75.0
534.3305,77.0
534.42993,78.0
534.52936,68.0
534.6287,76.0
534.72815,92.0
534.82745,97.0
534.92676,93.0
535.02606,92.0
535.12537,94.0
535.2246,92.0
535.3238,79.0
535.423,81.0
535.5222,64.0
535.62134,69.0
535.72046,67.0
535.8196,72.0
535.91864,70.0
536.01776,68.0
536.11676,84.0
536.21576,74.0
536.31476,75.0
536.4137,76.0
536.51263,72.0
536.6116,70.0
536.71045,63.0
536.8093,59.0
536.90814,71.0
537.00696,60.0
537.1058,68.0
537.2045,77.0
537.3033,72.0
537.402,68.0
537.5007,68.0
537.59937,65.0
537.698,64.0
537.79663,62.0
537.8952,64.0
537.99384,65.0
538.0924,69.0
538.1909,70.0
538.28937,80.0
538.3879,78.0
538.4864,65.0
538.5848,71.0
538.68317,67.0
538.78156,70.0
538.87994,67.0
538.9783,69.0
539.0766,71.0
539.17487,72.0
539.2732,77.0
539.3714,79.0
539.4696,83.0
539.5678,83.0
539.666,98.0
539.7641,91.0
539.86224,76.0
539.9603,81.0
540.0584,75.0
540.1565,68.0
540.25446,69.0
540.3525,54.0
540.45044,73.0
540.5484,64.0
540.64636,64.0
540.74426,64.0
540.84216,66.0
540.94,62.0
541.03784,77.0
541.1356,78.0
541.2334,70.0
541.3312,82.0
541.42896,81.0
541.5266,87.0
541.6243,88.0
541.72205,78.0
541.81964,81.0
541.91724,75.0
542.0149,72.0
542.1124,82.0
542.20996,64.0
542.3075,68.0
542.405,68.0
542.5025,82.0
542.5999,82.0
542.6973,86.0
542.79474,84.0
542.89215,76.0
542.9895,72.0
543.08685,79.0
543.18414,76.0
543.28143,85.0
543.3787,84.0
543.47595,86.0
543.5731,92.0
543.67035,86.0
543.7675,84.0
543.8646,79.0
543.96173,81.0
544.05884,74.0
544.15594,89.0
544.253,97.0
544.35,98.0
544.44696,97.0
544.544,98.0
544.6409,90.0
544.73785,95.0
544.8348,89.0
544.93164,82.0
545.0285,89.0
545.1253,90.0
545.2221,92.0
545.3189,92.0
545.41565,84.0
545.5124,81.0
545.60913,83.0
545.70575,91.0
545.8025,90.0
545.8991,84.0
545.9957,78.0
546.09235,76.0
546.1889,67.0
546.28546,74.0
546.38196,76.0
546.47845,70.0
546.57495,77.0
546.6714,76.0
546.7678,70.0
546.86426,75.0
546.96063,78.0
547.057,78.0
547.1533,66.0
547.2496,73.0
547.34595,74.0
547.4422,85.0
547.5384,76.0
547.6346,84.0
547.7308,83.0
547.82697,78.0
547.9231,96.0
548.0192,95.0
548.11536,102.0
548.2114,109.0
548.30743,122.0
548.40344,139.0
548.49945,155.0
548.59546,170.0
548.6914,199.0
548.78735,217.0
548.8833,234.0
548.9792,258.0
549.075,281.0
549.17084,292.0
549.2666,300.0
549.3625,305.0
549.4582,297.0
549.55396,307.0
549.6497,302.0
549.74536,286.0
549.84106,289.0
549.93665,259.0
550.0323,259.0
550.1279,241.0
550.2235,219.0
550.31903,217.0
550.41455,209.0
550.51,201.0
550.6056,191.0
550.701,202.0
550.79645,197.0
550.8919,216.0
550.98724,234.0
551.0826,239.0
551.1779,268.0
551.27325,289.0
551.3686,292.0
551.4638,291.0
551.5591,297.0
551.65436,295.0
551.7495,297.0
551.84467,295.0
551.9398,300.0
552.0349,294.0
552.13007,294.0
552.22516,283.0
552.3202,270.0
552.4153,256.0
552.51025,247.0
552.6052,225.0
552.7002,211.0
552.7951,206.0
552.8901,186.0
552.985,179.0
553.07983,185.0
553.1747,171.0
553.2695,173.0
553.3643,184.0
553.45905,182.0
553.55383,174.0
553.64856,167.0
553.7433,169.0
553.83795,162.0
553.9326,164.0
554.0272,160.0
554.1219,164.0
554.21643,165.0
554.311,168.0
554.4056,185.0
554.5001,194.0
554.59454,200.0
554.689,191.0
554.78345,194.0
554.8779,189.0
554.97235,190.0
555.0667,196.0
555.161,199.0
555.2554,197.0
555.34973,194.0
555.444,201.0
555.5382,206.0
555.6325,201.0
555.7267,211.0
555.82086,207.0
555.91504,205.0
556.00916,213.0
556.10333,216.0
556.19745,220.0
556.2915,228.0
556.38556,228.0
556.4796,240.0
556.5736,238.0
556.66754,234.0
556.7615,221.0
556.85547,215.0
556.9494,210.0
557.0433,208.0
557.13715,215.0
557.231,216.0
557.3248,221.0
557.4186,223.0
557.5123,211.0
557.60614,217.0
557.6998,222.0
557.7936,225.0
557.8872,227.0
557.98083,229.0
558.0745,232.0
558.16815,227.0
558.2617,222.0
558.35535,218.0
558.44885,209.0
558.54236,208.0
558.6358,207.0
558.7293,211.0
558.82275,218.0
558.9162,218.0
559.0096,222.0
559.103,218.0
559.19635,224.0
559.2897,232.0
559.38293,227.0
559.47626,236.0
559.5695,222.0
559.6628,226.0
559.756,229.0
559.84924,224.0
559.9424,242.0
560.0355,242.0
560.1286,251.0
560.2217,259.0
560.3148,259.0
560.4079,260.0
560.5009,260.0
560.5939,250.0
560.6869,260.0
560.7799,264.0
560.8728,255.0
560.9657,264.0
561.05865,260.0
561.1515,259.0
561.2443,243.0
561.33716,230.0
561.42993,214.0
561.52277,203.0
561.61554,184.0
561.70825,184.0
561.80096,168.0
561.8937,170.0
561.9863,166.0
562.0789,165.0
562.1716,171.0
562.2642,157.0
562.35675,168.0
562.4493,173.0
562.5418,165.0
562.6343,162.0
562.7268,164.0
562.8193,159.0
562.9117,168.0
563.00415,164.0
563.09656,169.0
563.1889,162.0
563.2812,167.0
563.37354,172.0
563.4659,184.0
563.5581,176.0
563.6504,177.0
563.7427,174.0
563.83484,167.0
563.927,182.0
564.01917,177.0
564.11127,171.0
564.2034,170.0
564.29553,169.0
564.3876,172.0
564.4797,176.0
564.5717,183.0
564.6637,181.0
564.7557,179.0
564.8476,177.0
564.9396,182.0
565.0315,183.0
565.12335,189.0
565.2152,185.0
565.307,190.0
565.3989,181.0
565.49066,189.0
565.58246,190.0
565.67426,186.0
565.7659,198.0
565.85767,197.0
565.94934,210.0
566.04095,215.0
566.1327,221.0
566.22424,222.0
566.31586,232.0
566.4075,242.0
566.499,229.0
566.5905,227.0
566.682,226.0
566.7735,218.0
566.865,216.0
566.9564,202.0
567.0478,211.0
567.1392,206.0
567.2306,207.0
567.3219,210.0
567.4132,203.0
567.5045,205.0
567.5958,201.0
567.6871,201.0
567.7783,186.0
567.8695,175.0
567.9607,172.0
568.0519,177.0
568.143,177.0
568.23413,173.0
568.32526,167.0
568.4163,174.0
568.5074,156.0
568.5984,170.0
568.6894,152.0
568.78046,153.0
568.8714,151.0
568.96234,137.0
569.0533,138.0
569.14417,142.0
569.23505,142.0
569.32587,134.0
569.4167,133.0
569.5075,130.0
569.5983,128.0
569.689,136.0
569.7798,125.0
569.8705,127.0
569.96124,128.0
570.0519,117.0
570.1425,140.0
570.2332,136.0
570.3238,135.0
570.41437,141.0
570.50494,135.0
570.59546,125.0
570.68604,138.0
570.7765,126.0
570.86694,131.0
570.95746,131.0
571.04785,130.0
571.13824,133.0
571.22864,127.0
571.319,129.0
571.40936,125.0
571.49963,122.0
571.58997,126.0
571.6803,137.0
571.7705,142.0
571.8607,138.0
571.9509,143.0
572.0411,151.0
572.1313,155.0
572.22144,163.0
572.3115,158.0
572.4016,162.0
572.4917,153.0
572.5818,172.0
572.6718,161.0
572.7618,166.0
572.8518,177.0
572.9418,183.0
573.0317,190.0
573.1216,171.0
573.2115,183.0
573.3014,182.0
573.39124,179.0
573.4811,187.0
573.5709,187.0
573.6607,192.0
573.7504,188.0
573.8402,189.0
573.9299,194.0
574.01965,176.0
574.1093,183.0
574.199,179.0
574.28864,179.0
574.37823,181.0
574.4678,168.0
574.5574,167.0
574.6469,160.0
574.73645,161.0
574.8259,162.0
574.9154,155.0
575.0049,163.0
575.0943,153.0
575.1838,154.0
575.27313,143.0
575.3625,140.0
575.4519,145.0
575.5412,131.0
575.6305,135.0
575.7198,136.0
575.809,139.0
575.8983,143.0
575.9875,128.0
576.0767,141.0
576.1659,128.0
576.25507,142.0
576.3442,136.0
576.4333,126.0
576.52234,132.0
576.61145,127.0
576.7005,129.0
576.7895,133.0
576.8785,118.0
576.96747,134.0
577.05646,132.0
577.1454,124.0
577.2343,131.0
577.32324,137.0
577.4121,148.0
577.5009,158.0
577.5897,152.0
577.6785,151.0
577.7674,151.0
577.85614,144.0
577.9449,143.0
578.0336,153.0
578.1223,154.0
578.211,148.0
578.2996,153.0
578.38824,147.0
578.4769,147.0
578.5655,145.0
578.65405,155.0
578.7426,149.0
578.8312,151.0
578.9197,158.0
579.0081,155.0
579.09656,152.0
579.18506,148.0
579.27344,156.0
579.3619,146.0
579.4502,155.0
579.5386,161.0
579.62695,150.0
579.7153,147.0
579.8035,145.0
579.89185,148.0
579.9801,147.0
580.0683,146.0
580.1565,157.0
580.2447,153.0
580.3329,161.0
580.421,161.0
580.5091,168.0
580.5973,178.0
580.6853,174.0
580.7734,187.0
580.8614,195.0
580.9494,200.0
581.0374,207.0
581.1254,211.0
581.2133,202.0
581.30133,195.0
581.3892,190.0
581.4771,200.0
581.56494,177.0
581.6528,191.0
581.74066,198.0
581.8284,204.0
581.9162,203.0
582.00397,206.0
582.0917,200.0
582.17944,187.0
582.26715,203.0
582.3548,211.0
582.4425,213.0
582.53015,217.0
582.61774,218.0
582.7053,223.0
582.79285,230.0
582.8805,229.0
582.968,231.0
583.0555,236.0
583.143,249.0
583.23047,248.0
583.31793,249.0
583.40533,265.0
583.49274,272.0
583.58014,284.0
583.6675,291.0
583.7548,300.0
583.8421,311.0
583.9294,323.0
584.0167,337.0
584.104,355.0
584.1912,362.0
584.27844,383.0
584.36566,400.0
584.4528,423.0
584.54,425.0
584.6271,448.0
584.71423,479.0
584.80133,506.0
584.88837,542.0
584.97546,595.0
585.0625,654.0
585.1495,709.0
585.23645,778.0
585.3234,860.0
585.4104,938.0
585.4973,1019.0
585.5842,1096.0
585.67114,1159.0
585.758,1214.0
585.84485,1266.0
585.93164,1304.0
586.01843,1348.0
586.1052,1362.0
586.192,1389.0
586.27875,1398.0
586.3654,1391.0
586.45215,1390.0
586.5388,1382.0
586.6255,1356.0
586.7121,1317.0
586.79877,1276.0
586.8854,1223.0
586.9719,1168.0
587.0585,1095.0
587.14496,1035.0
587.23157,979.0
587.31805,912.0
587.4045,852.0
587.49097,806.0
587.5774,750.0
587.6638,723.0
587.7502,689.0
587.83655,651.0
587.9229,635.0
588.0093,629.0
588.0956,598.0
588.1819,596.0
588.2681,590.0
588.3544,578.0
588.4406,586.0
588.5268,576.0
588.61304,564.0
588.69916,569.0
588.78534,552.0
588.87146,541.0
588.9575,515.0
589.04364,506.0
589.1297,497.0
589.21576,499.0
589.3018,486.0
589.3878,486.0
589.47375,478.0
589.55975,481.0
589.6457,482.0
589.7316,469.0
589.8175,470.0
589.9034,469.0
589.9893,454.0
590.07513,457.0
590.16095,458.0
590.24677,431.0
590.3325,428.0
590.41833,398.0
590.5041,379.0
590.5898,373.0
590.6755,362.0
590.7611,358.0
590.84686,355.0
590.9325,349.0
591.01807,322.0
591.10376,333.0
591.18933,326.0
591.27484,315.0
591.3604,315.0
591.4459,313.0
591.53143,305.0
591.61694,304.0
591.7024,297.0
591.7879,301.0
591.8733,288.0
591.9587,284.0
592.04407,274.0
592.1294,272.0
592.2148,271.0
592.3001,270.0
592.3854,265.0
592.47076,257.0
592.5559,269.0
592.64124,262.0
592.72644,261.0
592.81165,259.0
592.89685,240.0
592.982,227.0
593.06714,235.0
593.15234,230.0
593.23737,225.0
593.3225,221.0
593.40753,206.0
593.4926,218.0
593.5777,217.0
593.66266,212.0
593.7476,213.0
593.83264,219.0
593.91754,212.0
594.0025,221.0
594.0874,215.0
594.1723,217.0
594.2572,215.0
594.342,216.0
594.4269,214.0
594.51166,209.0
594.5965,208.0
594.6813,214.0
594.76605,213.0
594.85077,212.0
594.93555,212.0
595.02014,214.0
595.10486,225.0
595.1895,227.0
595.2742,229.0
595.3588,224.0
595.4434,217.0
595.52795,214.0
595.6126,224.0
595.697,235.0
595.7816,237.0
595.8661,237.0
595.95056,240.0
596.0351,234.0
596.1195,247.0
596.204,245.0
596.2883,246.0
596.37274,243.0
596.45715,245.0
596.5415,253.0
596.6258,245.0
596.71014,237.0
596.7944,229.0
596.8787,236.0
596.96295,236.0
597.0472,231.0
597.1314,237.0
597.21564,232.0
597.2998,235.0
597.384,230.0
597.4681,238.0
597.5522,243.0
597.6363,239.0
597.7204,239.0
597.8045,221.0
597.88855,218.0
597.97253,224.0
598.0566,229.0
598.1405,240.0
598.22455,227.0
598.3085,237.0
598.3924,240.0
598.4763,252.0
598.5602,247.0
598.6441,258.0
598.7279,254.0
598.81177,259.0
598.8956,257.0
598.9794,255.0
599.0632,251.0
599.147,254.0
599.23065,253.0
599.3144,254.0
599.39813,258.0
599.4818,266.0
599.5655,274.0
599.6491,276.0
599.7327,277.0
599.8164,288.0
599.8999,281.0
599.9836,266.0
600.0671,261.0
600.15063,259.0
600.2342,265.0
600.3177,255.0
600.4011,263.0
600.4847,259.0
600.568,260.0
600.6515,259.0
600.73486,256.0
600.81824,247.0
600.9017,250.0
600.985,261.0
601.06836,255.0
601.1516,265.0
601.2349,256.0
601.31824,264.0
601.4015,263.0
601.48474,263.0
601.568,259.0
601.6511,262.0
601.7344,262.0
601.8175,250.0
601.90063,258.0
601.9838,254.0
602.0669,257.0
602.15,256.0
602.23315,251.0
602.3161,256.0
602.3992,258.0
602.4822,249.0
602.5652,257.0
602.6482,257.0
602.73114,255.0
602.8141,261.0
602.89703,253.0
602.9799,249.0
603.06287,240.0
603.14575,240.0
603.2286,251.0
603.31146,245.0
603.3942,252.0
603.47705,239.0
603.5598,245.0
603.6426,243.0
603.7254,251.0
603.8081,240.0
603.8908,250.0
603.9735,266.0
604.05615,259.0
604.13885,260.0
604.22144,265.0
604.3041,272.0
604.3867,277.0
604.4693,270.0
604.5519,264.0
604.63446,268.0
604.7169,266.0
604.7995,265.0
604.88196,274.0
604.9644,259.0
605.04694,258.0
605.1293,263.0
605.2118,254.0
605.2942,248.0
605.3765,249.0
605.459,260.0
605.5413,258.0
605.62366,252.0
605.706,251.0
605.7882,253.0
605.87054,260.0
605.9528,251.0
606.03503,272.0
606.1173,257.0
606.1995,269.0
606.2817,270.0
606.3639,270.0
606.446,283.0
606.5282,288.0
606.6103,304.0
606.6924,291.0
606.77454,310.0
606.85657,316.0
606.93866,326.0
607.02075,337.0
607.10266,341.0
607.1847,352.0
607.26666,341.0
607.34863,340.0
607.43066,340.0
607.5125,322.0
607.5945,314.0
607.67633,311.0
607.75824,308.0
607.84015,306.0
607.92194,303.0
608.0038,284.0
608.08563,280.0
608.16736,275.0
608.24915,266.0
608.33093,261.0
608.41266,261.0
608.49445,258.0
608.5761,252.0
608.6578,255.0
608.7395,253.0
608.8211,246.0
608.9028,222.0
608.9844,216.0
609.066,212.0
609.1476,206.0
609.2291,204.0
609.3107,203.0
609.3922,196.0
609.47375,192.0
609.5553,204.0
609.6368,218.0
609.7182,212.0
609.7997,216.0
609.88104,208.0
609.9625,209.0
610.0439,199.0
610.1253,202.0
610.2067,197.0
610.288,179.0
610.3693,174.0
610.4507,168.0
610.5319,172.0
610.6133,174.0
610.6945,179.0
610.77576,179.0
610.85706,172.0
610.93823,183.0
611.0194,176.0
611.10065,172.0
611.1817,180.0
611.26294,179.0
611.34406,173.0
611.4251,176.0
611.5063,169.0
611.5873,169.0
611.6684,167.0
611.74945,182.0
611.83044,179.0
611.9115,188.0
611.9925,184.0
612.0734,187.0
612.1545,194.0
612.23535,189.0
612.31635,198.0
612.3972,196.0
612.4781,199.0
612.559,200.0
612.6399,196.0
612.7207,189.0
612.8016,193.0
612.8823,186.0
612.9632,186.0
613.04395,171.0
613.1247,164.0
613.2055,179.0
613.2862,190.0
613.36694,199.0
613.4477,201.0
613.52826,197.0
613.609,198.0
613.68964,197.0
613.77026,182.0
613.8509,182.0
613.93146,188.0
614.0121,185.0
614.09265,168.0
614.17316,179.0
614.2538,173.0
614.3343,163.0
614.41473,167.0
614.4953,168.0
614.5757,169.0
614.6562,168.0
614.73663,169.0
614.817,168.0
614.8975,171.0
614.97784,169.0
615.0582,186.0
615.1387,179.0
615.21893,178.0
615.2993,184.0
615.3796,187.0
615.4599,177.0
615.5402,169.0
615.62036,175.0
615.7007,174.0
615.7809,176.0
615.8611,176.0
615.94135,173.0
616.02155,175.0
616.1017,167.0
616.1819,170.0
616.26196,177.0
616.3421,168.0
616.42224,173.0
616.5023,171.0
616.5824,172.0
616.6625,178.0
616.7425,175.0
616.8226,169.0
616.9025,182.0
616.98254,173.0
617.0625,181.0
617.14246,175.0
617.2225,196.0
617.30237,199.0
617.3823,199.0
617.4622,197.0
617.54205,196.0
617.62195,206.0
617.70184,187.0
617.7816,202.0
617.8615,195.0
617.9413,193.0
618.0211,190.0
618.1008,169.0
618.1806,171.0
618.26044,170.0
618.34015,159.0
618.4198,159.0
618.4996,157.0
618.5792,163.0
618.65894,156.0
618.7385,153.0
618.8182,157.0
618.8978,163.0
618.9774,174.0
619.057,174.0
619.13666,177.0
619.2161,180.0
619.2957,167.0
619.37524,174.0
619.4548,182.0
619.5343,174.0
619.6138,183.0
619.69324,177.0
619.7727,175.0
619.8521,167.0
619.93164,168.0
620.011,164.0
620.0904,161.0
620.1698,176.0
620.24915,178.0
620.3285,176.0
620.40784,173.0
620.4871,179.0
620.5665,175.0
620.6458,177.0
620.72504,189.0
620.8044,178.0
620.88354,183.0
620.9628,180.0
621.04205,182.0
621.1212,186.0
621.20044,175.0
621.2796,179.0
621.35876,177.0
621.4379,168.0
621.517,158.0
621.5962,161.0
621.67523,165.0
621.75433,158.0
621.83344,164.0
621.9124,164.0
621.9915,161.0
622.07056,171.0
622.14954,163.0
622.2286,175.0
622.30756,181.0
622.38654,180.0
622.4655,183.0
622.5444,174.0
622.62335,180.0
622.7023,177.0
622.7811,181.0
622.86005,186.0
622.9389,183.0
623.01776,179.0
623.0966,175.0
623.1754,178.0
623.2543,171.0
623.333,171.0
623.4118,178.0
623.4906,179.0
623.56934,186.0
623.6481,184.0
623.72687,181.0
623.8055,181.0
623.8842,180.0
623.9629,176.0
624.04156,179.0
624.12024,182.0
624.1988,186.0
624.27747,188.0
624.3561,189.0
624.4347,187.0
624.5133,194.0
624.59186,195.0
624.6704,204.0
624.74896,203.0
624.82745,200.0
624.906,189.0
624.9845,195.0
625.0629,185.0
625.1415,187.0
625.2199,182.0
625.29834,184.0
625.37683,186.0
625.4552,182.0
625.5336,186.0
625.612,190.0
625.69037,191.0
625.76874,180.0
625.8471,181.0
625.9254,178.0
626.0037,181.0
626.082,186.0
626.16034,180.0
626.2386,182.0
626.31683,184.0
626.39514,182.0
626.4733,187.0
626.5516,179.0
626.62976,194.0
626.70795,194.0
626.7862,188.0
626.8643,188.0
626.94244,200.0
627.0206,193.0
627.0987,174.0
627.1769,200.0
627.25494,197.0
627.333,200.0
627.41113,202.0
627.4892,207.0
627.5672,211.0
627.6453,217.0
627.72327,230.0
627.80133,235.0
627.8793,223.0
627.9573,225.0
628.0353,230.0
628.11316,236.0
628.1911,234.0
628.26904,233.0
628.3469,233.0
628.42487,233.0
628.50275,237.0
628.5806,238.0
628.6585,238.0
628.73627,228.0
628.81415,226.0
628.89197,230.0
628.9698,216.0
629.0476,216.0
629.12537,217.0
629.2031,211.0
629.28094,211.0
629.3586,207.0
629.4364,211.0
629.5141,203.0
629.59174,203.0
629.6695,196.0
629.7472,187.0
629.8248,190.0
629.9025,188.0
629.9801,196.0
630.05774,198.0
630.1354,191.0
630.21295,203.0
630.2906,203.0
630.36804,202.0
630.4457,194.0
630.5232,194.0
630.6007,194.0
630.6783,189.0
630.7558,194.0
630.83325,197.0
630.9108,198.0
630.9882,206.0
631.06573,202.0
631.1431,215.0
631.2206,212.0
631.29803,214.0
631.3754,220.0
631.4528,224.0
631.5302,219.0
631.60754,223.0
631.68494,229.0
631.76227,222.0
631.8396,224.0
631.91693,223.0
631.99426,213.0
632.07153,214.0
632.1488,225.0
632.2261,218.0
632.30334,215.0
632.3806,204.0
632.4578,213.0
632.5351,212.0
632.61224,211.0
632.68945,212.0
632.76666,210.0
632.8438,222.0
632.921,227.0
632.99817,228.0
633.07526,217.0
633.15247,208.0
633.2295,202.0
633.30664,199.0
633.38367,204.0
633.46075,203.0
633.53784,202.0
633.61487,194.0
633.6919,181.0
633.769,189.0
633.84595,189.0
633.923,183.0
633.99994,189.0
634.07697,186.0
634.15393,190.0
634.23083,192.0
634.3078,194.0
634.38477,189.0
634.4617,190.0
634.5386,194.0
634.6155,193.0
634.6924,202.0
634.7693,200.0
634.84607,205.0
634.923,204.0
634.99976,198.0
635.0766,208.0
635.15344,199.0
635.2302,207.0
635.307,216.0
635.38385,212.0
635.4605,210.0
635.53735,210.0
635.6141,211.0
635.6908,221.0
635.7676,227.0
635.84424,220.0
635.9209,211.0
635.9977,209.0
636.0743,209.0
636.151,213.0
636.2276,219.0
636.30426,213.0
636.3809,223.0
636.45746,222.0
636.5341,218.0
636.6107,219.0
636.68726,215.0
636.76385,214.0
636.84045,218.0
636.917,213.0
636.9935,210.0
637.07,206.0
637.14655,212.0
637.223,209.0
637.2995,223.0
637.37604,223.0
637.4525,227.0
637.52893,228.0
637.60547,222.0
637.6818,228.0
637.7583,224.0
637.8347,209.0
637.9111,198.0
637.98755,194.0
638.0639,195.0
638.14026,193.0
638.2166,187.0
638.2929,189.0
638.3693,190.0
638.4456,185.0
638.5219,189.0
638.59827,184.0
638.6745,183.0
638.75085,192.0
638.8271,198.0
638.9033,197.0
638.9796,198.0
639.05585,198.0
639.1321,206.0
639.2084,205.0
639.2845,207.0
639.3607,206.0
639.4369,212.0
639.51306,217.0
639.5893,218.0
639.6654,208.0
639.7416,215.0
639.81775,199.0
639.8938,202.0
639.9699,201.0
640.046,206.0
640.12213,210.0
640.19824,203.0
640.27423,210.0
640.35034,209.0
640.4264,207.0
640.5024,208.0
640.5785,207.0
640.6545,210.0
640.73047,216.0
640.8065,209.0
640.88245,207.0
640.95844,206.0
641.0344,207.0
641.11035,207.0
641.18634,210.0
641.26227,208.0
641.3382,208.0
641.4141,210.0
641.49,209.0
641.5659,210.0
641.6418,212.0
641.71765,213.0
641.7936,217.0
641.8694,218.0
641.94525,216.0
642.0211,220.0
642.09686,215.0
642.1727,218.0
642.24854,223.0
642.3243,237.0
642.40015,212.0
642.4758,217.0
642.55164,214.0
642.6274,209.0
642.7031,212.0
642.77893,199.0
642.8546,214.0
642.9303,213.0
643.0061,211.0
643.0817,222.0
643.1574,205.0
643.2331,205.0
643.3088,204.0
643.38446,203.0
643.4601,207.0
643.5357,210.0
643.6114,208.0
643.68695,200.0
643.7626,204.0
643.8382,209.0
643.91376,212.0
643.9894,215.0
644.06494,212.0
644.1405,219.0
644.216,217.0
644.29156,213.0
644.3671,213.0
644.4426,203.0
644.5181,195.0
644.5937,189.0
644.6691,190.0
644.7446,195.0
644.8201,182.0
644.89557,189.0
644.97107,186.0
645.0465,188.0
645.12195,189.0
645.1974,203.0
645.27277,201.0
645.3482,191.0
645.4236,206.0
645.49896,199.0
645.5744,204.0
645.6498,204.0
645.72516,194.0
645.80054,192.0
645.8758,195.0
645.9512,185.0
646.0265,189.0
646.1018,194.0
646.1772,193.0
646.2524,194.0
646.32776,194.0
646.403,196.0
646.4783,191.0
646.5536,186.0
646.62885,192.0
646.7041,217.0
646.77936,214.0
646.8545,223.0
646.9298,224.0
647.005,212.0
647.0802,209.0
647.1554,213.0
647.2306,223.0
647.3058,228.0
647.381,226.0
647.45605,222.0
647.53125,207.0
647.6064,206.0
647.6815,201.0
647.7567,204.0
647.8318,204.0
647.9069,201.0
647.98206,207.0
648.05707,201.0
648.1322,213.0
648.2073,229.0
648.2823,223.0
648.3574,223.0
648.4324,211.0
648.5075,219.0
648.5825,210.0
648.65753,209.0
648.7326,212.0
648.80756,210.0
648.88257,213.0
648.9576,216.0
649.03253,218.0
649.10754,212.0
649.1825,209.0
649.25745,214.0
649.33246,212.0
649.40735,211.0
649.4823,215.0
649.55725,210.0
649.6321,216.0
649.7071,213.0
649.782,215.0
649.8568,218.0
649.93176,217.0
650.00665,216.0
650.0815,211.0
650.1563,217.0
650.2312,217.0
650.3061,217.0
650.3809,221.0
650.45575,224.0
650.5306,235.0
650.60535,240.0
650.6802,232.0
650.755,231.0
650.8298,216.0
650.9046,213.0
650.9794,212.0
651.05414,213.0
651.1289,216.0
651.2036,209.0
651.2784,210.0
651.3531,210.0
651.42786,208.0
651.5026,206.0
651.5773,216.0
651.652,222.0
651.72675,223.0
651.8014,224.0
651.8761,245.0
651.95074,244.0
652.0254,250.0
652.1001,249.0
652.1747,245.0
652.2494,247.0
652.32404,252.0
652.3986,259.0
652.4733,254.0
652.5479,255.0
652.6225,252.0
652.69714,257.0
652.77167,257.0
652.8463,256.0
652.9209,252.0
652.9955,242.0
653.07007,244.0
653.1446,236.0
653.2192,234.0
653.29376,237.0
653.3682,220.0
653.4428,219.0
653.51733,227.0
653.5918,218.0
653.6664,224.0
653.74084,219.0
653.81537,225.0
653.8899,229.0
653.9643,236.0
654.0388,234.0
654.1133,238.0
654.18774,239.0
654.2622,237.0
654.3366,240.0
654.4111,235.0
654.4855,239.0
654.55994,238.0
654.6344,230.0
654.7088,225.0
654.7832,229.0
654.8576,229.0
654.93195,229.0
655.00635,226.0
655.08075,229.0
655.1551,235.0
655.2295,245.0
655.3039,244.0
655.37823,253.0
655.4526,259.0
655.52686,251.0
655.60126,267.0
655.6756,269.0
655.7499,272.0
655.8242,272.0
655.89856,260.0
655.97284,262.0
656.0471,259.0
656.1214,254.0
656.1957,268.0
656.26996,264.0
656.34424,274.0
656.4185,274.0
656.49274,272.0
656.567,269.0
656.64124,253.0
656.71545,244.0
656.7898,235.0
656.86395,240.0
656.9382,240.0
657.01245,245.0
657.0866,254.0
657.1608,239.0
657.235,239.0
657.3092,233.0
657.3834,228.0
657.4576,237.0
657.53174,226.0
657.60596,236.0
657.68005,231.0
657.7543,231.0
657.82837,232.0
657.9025,233.0
657.9767,238.0
658.0507,237.0
658.12494,241.0
658.19904,244.0
658.27313,250.0
658.3473,254.0
658.4214,249.0
658.4955,257.0
658.5696,259.0
658.6436,261.0
658.7177,266.0
658.7918,272.0
658.86584,265.0
658.93994,271.0
659.014,269.0
659.088,275.0
659.1621,272.0
659.2361,270.0
659.3102,264.0
659.3842,274.0
659.4582,280.0
659.5323,275.0
659.60626,276.0
659.68024,274.0
659.75433,264.0
659.82825,252.0
659.9023,252.0
659.97626,248.0
660.05023,255.0
660.1242,252.0
660.1981,250.0
660.27216,251.0
660.34607,241.0
660.42004,247.0
660.494,247.0
660.56793,245.0
660.64185,242.0
660.7159,240.0
660.78973,241.0
660.8637,240.0
660.93756,239.0
661.0115,242.0
661.08545,240.0
661.1593,246.0
661.2332,251.0
661.3071,245.0
661.381,249.0
661.4549,242.0
661.52875,251.0
661.6026,261.0
661.6765,264.0
661.75037,272.0
661.8242,265.0
661.8981,264.0
661.9719,265.0
662.0458,259.0
662.1196,264.0
662.1934,254.0
662.26733,252.0
662.34106,253.0
662.4149,253.0
662.4888,251.0
662.56256,255.0
662.6364,253.0
662.7102,253.0
662.784,254.0
662.8578,259.0
662.9315,258.0
663.0054,262.0
663.0791,263.0
663.1529,271.0
663.2267,267.0
663.3005,269.0
663.3742,277.0
663.448,265.0
663.52167,259.0
663.59546,257.0
663.6692,253.0
663.7429,254.0
663.8167,253.0
663.8904,245.0
663.9642,250.0
664.03784,240.0
664.1116,241.0
664.18536,250.0
664.25903,252.0
664.3327,243.0
664.4065,249.0
664.4801,253.0
664.55383,247.0
664.6275,240.0
664.7012,230.0
664.7749,233.0
664.8486,240.0
664.92224,242.0
664.996,246.0
665.0696,251.0
665.14325,242.0
665.2169,245.0
665.2906,247.0
665.36426,254.0
665.43787,254.0
665.51154,265.0
665.5852,265.0
665.65875,263.0
665.7324,267.0
665.8061,261.0
665.8797,250.0
665.95337,246.0
666.02686,254.0
666.1005,250.0
666.17413,245.0
666.24774,246.0
666.3214,250.0
666.39496,252.0
666.46857,249.0
666.5422,260.0
666.6157,253.0
666.68933,259.0
666.76294,259.0
666.8365,262.0
666.9101,270.0
666.98364,264.0
667.0572,268.0
667.13086,275.0
667.20435,273.0
667.27795,265.0
667.3515,268.0
667.425,261.0
667.4986,266.0
667.57214,258.0
667.6457,268.0
667.7192,272.0
667.7927,271.0
667.8663,266.0
667.9398,253.0
668.0133,254.0
668.0869,243.0
668.16034,246.0
668.2339,257.0
668.30743,261.0
668.3809,268.0
668.45447,267.0
668.52795,256.0
668.60144,258.0
668.675,255.0
668.7484,258.0
668.82196,252.0
668.89545,262.0
668.9689,256.0
669.0424,259.0
669.1159,250.0
669.1894,255.0
669.2629,256.0
669.3363,248.0
669.4098,254.0
669.4833,257.0
669.5567,255.0
669.63025,255.0
669.7036,261.0
669.7771,267.0
669.8506,281.0
669.924,283.0
669.9975,278.0
670.0709,266.0
670.14435,254.0
670.21783,263.0
670.2912,252.0
670.3647,256.0
670.4381,258.0
670.51154,266.0
670.585,263.0
670.65845,268.0
670.7319,282.0
670.8053,292.0
670.87866,297.0
670.95215,293.0
671.0255,297.0
671.09894,292.0
671.1724,285.0
671.2458,292.0
671.3192,285.0
671.39264,286.0
671.46594,284.0
671.5394,283.0
671.6128,281.0
671.6862,279.0
671.75964,279.0
671.83295,266.0
671.9064,279.0
671.9798,273.0
672.05316,273.0
672.1266,284.0
672.19995,281.0
672.2733,281.0
672.34674,280.0
672.42004,272.0
672.49347,275.0
672.56683,265.0
672.6402,265.0
672.7136,262.0
672.787,269.0
672.8603,265.0
672.9337,265.0
673.007,270.0
673.08044,266.0
673.15375,278.0
673.2271,272.0
673.30054,265.0
673.3738,265.0
673.4472,260.0
673.52057,268.0
673.5939,274.0
673.6673,272.0
673.7406,260.0
673.81396,248.0
673.8873,251.0
673.96063,243.0
674.034,251.0
674.1073,246.0
674.18066,254.0
674.254,257.0
674.32733,247.0
674.4007,253.0
674.47406,256.0
674.5473,260.0
674.6207,278.0
674.69403,294.0
674.76733,288.0
674.8407,283.0
674.914,272.0
674.9873,269.0
675.06067,265.0
675.134,271.0
675.20734,271.0
675.28064,268.0
675.35394,268.0
675.4273,270.0
675.50055,264.0
675.5739,265.0
675.6472,274.0
675.7205,280.0
675.7939,269.0
675.8672,276.0
675.9405,273.0
676.01385,264.0
676.0871,262.0
676.16046,256.0
676.2337,263.0
676.307,257.0
676.3804,257.0
676.4537,245.0
676.527,246.0
676.60034,251.0
676.6735,253.0
676.7469,255.0
676.8202,234.0
676.8935,252.0
676.96686,246.0
677.0401,252.0
677.1134,251.0
677.18677,252.0
677.26,247.0
677.3333,246.0
677.4066,255.0
677.4799,252.0
677.5532,255.0
677.62646,256.0
677.6998,265.0
677.77313,265.0
677.8464,262.0
677.91974,255.0
677.99304,261.0
678.0663,259.0
678.13965,274.0
678.2129,278.0
678.2862,284.0
678.3595,300.0
678.43274,300.0
678.5061,296.0
678.5794,306.0
678.65265,292.0
678.726,298.0
678.79926,287.0
null
