wavelength,file1,
299.33508,588.0
299.88184,591.0
300.42862,590.0
300.9754,594.0
301.52222,592.0
302.06897,597.0
302.61575,596.0
303.1625,597.0
303.70926,596.0
304.25598,597.0
304.8027,594.0
305.34943,594.0
305.89612,594.0
306.4428,597.0
306.98947,598.0
307.53613,595.0
308.08276,598.0
308.62936,593.0
309.17596,593.0
309.72253,594.0
310.26907,596.0
310.81558,596.0
311.36206,597.0
311.9085,597.0
312.45496,596.0
313.00134,597.0
313.54773,596.0
314.09406,596.0
314.64035,592.0
315.1866,596.0
315.73282,596.0
316.27902,597.0
316.82516,594.0
317.37128,596.0
317.91736,597.0
318.46338,596.0
319.00937,594.0
319.5553,590.0
320.1012,596.0
320.647,600.0
321.19278,596.0
321.7386,599.0
322.28424,597.0
322.8299,598.0
323.37546,600.0
323.92096,597.0
324.46643,595.0
325.01184,593.0
325.55722,596.0
326.1025,594.0
326.6477,595.0
327.1929,594.0
327.738,596.0
328.28302,593.0
328.82797,596.0
329.37286,594.0
329.91776,595.0
330.46246,597.0
331.00717,599.0
331.5518,598.0
332.09634,598.0
332.64078,599.0
333.18515,599.0
333.7295,597.0
334.27374,597.0
334.81787,599.0
335.36194,598.0
335.90594,595.0
336.44983,593.0
336.99365,597.0
337.5374,598.0
338.08102,597.0
338.62457,594.0
339.16806,594.0
339.71143,595.0
340.2547,596.0
340.79788,598.0
341.34097,594.0
341.88397,601.0
342.4269,600.0
342.9697,598.0
343.5124,599.0
344.05496,593.0
344.59747,597.0
345.13986,597.0
345.68216,599.0
346.22433,593.0
346.76642,597.0
347.30838,600.0
347.85022,600.0
348.39197,597.0
348.93362,598.0
349.47516,597.0
350.01657,599.0
350.55786,600.0
351.099,601.0
351.64008,603.0
352.18103,601.0
352.7218,600.0
353.2625,604.0
353.8031,601.0
354.34357,603.0
354.88385,599.0
355.42407,599.0
355.96414,595.0
356.5041,597.0
357.0439,599.0
357.58362,596.0
358.12317,597.0
358.66254,598.0
359.20184,599.0
359.741,599.0
360.28,597.0
360.81888,595.0
361.3576,601.0
361.8962,602.0
362.4347,601.0
362.97296,600.0
363.51114,599.0
364.04916,602.0
364.58704,600.0
365.12476,601.0
365.66232,600.0
366.19977,604.0
366.73706,608.0
367.27417,605.0
367.81116,600.0
368.34796,598.0
368.8846,598.0
369.42114,602.0
369.9575,601.0
370.49368,600.0
371.02972,599.0
371.56558,600.0
372.1013,600.0
372.63684,600.0
373.1722,603.0
373.70746,601.0
374.2425,599.0
374.7774,601.0
375.3121,601.0
375.84668,602.0
376.381,602.0
376.91522,601.0
377.44928,600.0
377.98315,605.0
378.5168,603.0
379.05032,600.0
379.58362,599.0
380.11676,602.0
380.64972,605.0
381.18256,605.0
381.71512,601.0
382.24756,604.0
382.77982,604.0
383.31186,605.0
383.8437,607.0
384.37537,602.0
384.90686,602.0
385.43817,606.0
385.9693,605.0
386.50018,605.0
387.03094,602.0
387.56146,606.0
388.0918,606.0
388.62192,605.0
389.1519,607.0
389.6816,607.0
390.21118,607.0
390.7405,610.0
391.26965,607.0
391.79858,607.0
392.32733,608.0
392.8559,608.0
393.38422,616.0
393.91235,626.0
394.44025,628.0
394.96796,628.0
395.49545,633.0
396.0227,632.0
396.5498,663.0
397.07666,686.0
397.60333,646.0
398.12976,612.0
398.65598,615.0
399.18195,620.0
399.70776,619.0
400.23334,614.0
400.75864,608.0
401.2838,617.0
401.8087,612.0
402.33337,618.0
402.85782,612.0
403.38208,612.0
403.90607,613.0
404.42984,612.0
404.9534,618.0
405.47668,612.0
405.99982,613.0
406.52264,615.0
407.0453,617.0
407.56772,616.0
408.08987,613.0
408.6118,618.0
409.1335,622.0
409.65497,623.0
410.17618,623.0
410.69717,621.0
411.2179,623.0
411.7384,626.0
412.25864,626.0
412.7787,630.0
413.29846,627.0
413.818,629.0
414.33728,630.0
414.85632,633.0
415.3751,636.0
415.89365,634.0
416.41193,638.0
416.93,638.0
417.44785,641.0
417.96536,648.0
418.4826,658.0
418.9997,697.0
419.51648,747.0
420.033,778.0
420.54932,822.0
421.0653,1006.0
421.58105,1065.0
422.09656,890.0
422.61182,663.0
423.12677,661.0
423.6415,655.0
424.156,653.0
424.67017,656.0
425.18408,658.0
425.69778,658.0
426.2112,654.0
426.7243,655.0
427.23718,663.0
427.74976,661.0
428.26212,665.0
428.7742,663.0
429.28595,663.0
429.7975,667.0
430.30875,666.0
430.8197,667.0
431.3304,666.0
431.84082,666.0
432.35095,671.0
432.86087,669.0
433.37045,670.0
433.87973,667.0
434.3888,670.0
434.89755,672.0
435.40604,670.0
435.9142,673.0
436.42215,669.0
436.92975,675.0
437.4371,677.0
437.94418,672.0
438.45093,674.0
438.95743,675.0
439.46362,680.0
439.96954,674.0
440.47522,674.0
440.98053,675.0
441.48557,671.0
441.99033,676.0
442.4948,672.0
442.99896,672.0
443.50284,674.0
444.0064,672.0
444.50974,674.0
445.01273,673.0
445.5154,675.0
446.0178,678.0
446.5199,673.0
447.02173,678.0
447.52325,676.0
448.02448,674.0
448.52533,675.0
449.02594,671.0
449.52625,670.0
450.02625,670.0
450.52594,673.0
451.02533,674.0
451.52444,670.0
452.02322,668.0
452.52167,675.0
453.0199,672.0
453.51773,671.0
454.0153,669.0
454.51257,671.0
455.00946,673.0
455.5061,673.0
456.00244,672.0
456.4984,672.0
456.9941,676.0
457.4895,680.0
457.98456,688.0
458.4793,693.0
458.97375,702.0
459.4679,715.0
459.96167,734.0
460.45517,753.0
460.94833,774.0
461.44122,797.0
461.93378,814.0
462.42596,830.0
462.91788,835.0
463.40945,832.0
463.9007,816.0
464.39163,799.0
464.88226,792.0
465.37256,781.0
465.8625,781.0
466.35217,772.0
466.8415,769.0
467.33047,762.0
467.81915,752.0
468.3075,750.0
468.7955,736.0
469.2832,734.0
469.77054,731.0
470.2576,725.0
470.74432,718.0
471.23068,712.0
471.7167,709.0
472.20245,705.0
472.68784,704.0
473.17285,700.0
473.6576,691.0
474.14197,692.0
474.62604,690.0
475.10974,684.0
475.59314,686.0
476.07617,682.0
476.5589,683.0
477.04126,680.0
477.52332,684.0
478.005,683.0
478.48642,682.0
478.96747,684.0
479.44812,682.0
479.92847,687.0
480.4085,686.0
480.88818,684.0
481.36752,686.0
481.8465,693.0
482.3252,691.0
482.8035,697.0
483.28146,696.0
483.75906,696.0
484.2364,698.0
484.71332,699.0
485.18994,701.0
485.6662,696.0
486.14212,696.0
486.61768,697.0
487.0929,700.0
487.56775,699.0
488.0423,694.0
488.5165,692.0
488.99033,695.0
489.4638,691.0
489.93695,689.0
490.4098,690.0
490.8822,684.0
491.3543,690.0
491.82605,689.0
492.29742,686.0
492.7685,686.0
493.23923,685.0
493.70956,686.0
494.17957,683.0
494.64917,683.0
495.1185,679.0
495.58746,680.0
496.05603,685.0
496.52423,681.0
496.9922,682.0
497.4597,676.0
497.92685,681.0
498.3937,679.0
498.86017,681.0
499.3263,684.0
499.79205,682.0
500.25745,691.0
500.7225,693.0
501.1872,705.0
501.65152,713.0
502.1155,714.0
502.57916,716.0
503.04242,717.0
503.50534,728.0
503.9679,745.0
504.4301,774.0
504.89194,815.0
505.35342,862.0
505.81458,907.0
506.2753,961.0
506.73572,1047.0
507.1958,1207.0
507.65546,1434.0
508.11478,1778.0
508.57373,2148.0
509.0324,2289.0
509.4906,2174.0
509.9485,1983.0
510.40604,1910.0
510.8632,1921.0
511.32,2015.0
511.7765,2428.0
512.23254,3422.0
512.6883,3772.0
513.1436,3225.0
513.59863,1930.0
514.0533,1617.0
514.50757,1505.0
514.9614,1392.0
515.415,1295.0
515.8682,1191.0
516.32104,1117.0
516.7735,1043.0
517.2256,985.0
517.6773,929.0
518.12866,889.0
518.5797,854.0
519.03033,823.0
519.48065,792.0
519.93054,768.0
520.3801,748.0
520.82935,731.0
521.27814,718.0
521.72656,706.0
522.1747,704.0
522.62244,692.0
523.0698,687.0
523.5168,682.0
523.96344,675.0
524.4097,677.0
524.85565,672.0
525.3012,670.0
525.74634,666.0
526.19116,667.0
526.6356,666.0
527.0797,660.0
527.52344,659.0
527.9668,658.0
528.4098,655.0
528.8524,658.0
529.2947,648.0
529.7365,652.0
530.1781,649.0
530.61926,650.0
531.06006,652.0
531.5005,647.0
531.94055,649.0
532.38025,651.0
532.8196,651.0
533.25854,648.0
533.6972,644.0
534.1354,647.0
534.57324,645.0
535.0108,644.0
535.448,647.0
535.88477,646.0
536.32117,650.0
536.7572,651.0
537.19293,658.0
537.6283,668.0
538.0632,681.0
538.4978,738.0
538.932,892.0
539.3659,1049.0
539.7994,1020.0
540.23254,902.0
540.6653,886.0
541.09766,1056.0
541.5297,1078.0
541.9614,1007.0
542.39276,857.0
542.8237,836.0
543.2543,824.0
543.6845,838.0
544.1144,877.0
544.5439,914.0
544.973,938.0
545.4018,951.0
545.8302,945.0
546.25824,932.0
546.686,920.0
547.1133,904.0
547.5402,916.0
547.9668,969.0
548.39307,1035.0
548.8189,1031.0
549.24445,965.0
549.6696,880.0
550.0944,823.0
550.51886,808.0
550.9429,796.0
551.3666,801.0
551.79,817.0
552.213,830.0
552.6356,856.0
553.05786,894.0
553.47974,932.0
553.90137,941.0
554.3226,897.0
554.74335,838.0
555.1638,789.0
555.5839,768.0
556.00366,756.0
556.42316,751.0
556.84216,750.0
557.2608,748.0
557.67914,756.0
558.09717,769.0
558.5148,792.0
558.932,818.0
559.34894,827.0
559.7655,824.0
560.18164,804.0
560.5975,772.0
561.013,750.0
561.4281,731.0
561.8429,716.0
562.2573,710.0
562.6714,712.0
563.0851,714.0
563.4984,714.0
563.91144,720.0
564.3241,728.0
564.7364,736.0
565.1484,740.0
565.55994,749.0
565.9712,769.0
566.3821,793.0
566.79266,822.0
567.2029,871.0
567.6127,928.0
568.0222,1028.0
568.4314,1176.0
568.8402,1467.0
569.2486,1991.0
569.65674,2789.0
570.0645,3373.0
570.4719,3434.0
570.87897,2920.0
571.2857,2239.0
571.69214,1789.0
572.0981,1615.0
572.5038,1525.0
572.9091,1459.0
573.31415,1385.0
573.71875,1282.0
574.1231,1162.0
574.5271,1055.0
574.9307,970.0
575.334,915.0
575.73694,876.0
576.1395,851.0
576.54175,836.0
576.94366,827.0
577.34534,829.0
577.7465,830.0
578.14746,836.0
578.548,847.0
578.94824,856.0
579.34814,855.0
579.7477,851.0
580.14685,851.0
580.54584,858.0
580.94434,865.0
581.3425,874.0
581.7404,877.0
582.13794,876.0
582.53516,879.0
582.93207,883.0
583.3286,882.0
583.7248,881.0
584.1207,876.0
584.5163,864.0
584.9115,854.0
585.3064,841.0
585.701,830.0
586.0952,829.0
586.4891,829.0
586.8827,838.0
587.276,870.0
587.6689,927.0
588.0615,982.0
588.45374,989.0
588.84576,936.0
589.23737,849.0
589.62866,767.0
590.01965,721.0
590.4103,699.0
590.80066,686.0
591.1907,680.0
591.5803,674.0
591.9697,671.0
592.3588,669.0
592.74756,667.0
593.136,667.0
593.5241,664.0
593.91187,661.0
594.2994,659.0
594.6865,657.0
595.07336,659.0
595.4599,653.0
595.8461,653.0
596.23206,654.0
596.6176,651.0
597.0029,653.0
597.3879,649.0
597.7725,647.0
598.1569,648.0
598.5409,650.0
598.9247,650.0
599.3081,651.0
599.69116,653.0
600.07404,655.0
600.45654,653.0
600.83875,657.0
601.2207,653.0
601.60223,652.0
601.9835,658.0
602.3645,652.0
602.74524,650.0
603.1256,651.0
603.50574,652.0
603.8855,656.0
604.265,651.0
604.6442,656.0
605.0231,651.0
605.40173,658.0
605.78,667.0
606.158,689.0
606.53577,710.0
606.9132,721.0
607.29034,721.0
607.6672,708.0
608.0437,689.0
608.42,676.0
608.79596,671.0
609.17163,672.0
609.54706,678.0
609.9222,671.0
610.297,667.0
610.6715,660.0
611.0458,658.0
611.41974,657.0
611.79346,655.0
612.1668,657.0
612.5399,619.0
612.9128,591.0
613.2854,624.0
613.65765,592.0
614.02966,592.0
614.40137,589.0
614.7728,590.0
615.14404,594.0
615.51495,592.0
615.88556,589.0
616.2559,589.0
616.626,587.0
616.9957,592.0
617.3653,590.0
617.73456,588.0
618.1036,587.0
618.47235,587.0
618.8408,588.0
619.2089,589.0
619.5769,587.0
619.9446,587.0
620.31195,587.0
620.67914,590.0
621.046,591.0
621.41266,591.0
621.779,592.0
622.1451,590.0
622.5109,591.0
622.87646,592.0
623.2418,591.0
623.6069,591.0
623.9717,590.0
624.33624,590.0
624.70056,589.0
625.0646,594.0
625.4284,589.0
625.79193,587.0
626.1553,590.0
626.5183,589.0
626.8811,592.0
627.2437,591.0
627.60596,589.0
627.9681,591.0
628.32983,591.0
628.6914,592.0
629.0528,584.0
629.4139,588.0
629.7748,589.0
630.1354,590.0
630.4957,590.0
630.8559,586.0
631.2158,590.0
631.57544,590.0
631.93494,591.0
632.29407,589.0
632.6531,585.0
633.01184,590.0
633.3703,590.0
633.7286,591.0
634.0867,590.0
634.44446,586.0
634.80206,592.0
635.1594,590.0
635.51654,589.0
635.87354,590.0
636.23016,591.0
636.5867,588.0
636.943,589.0
637.29895,586.0
637.6548,588.0
638.0104,588.0
638.3657,585.0
638.7209,588.0
639.07587,589.0
639.43066,589.0
639.7851,587.0
640.13947,591.0
640.4935,589.0
640.8474,591.0
641.2011,592.0
641.5546,588.0
641.90784,588.0
642.2609,591.0
642.61383,589.0
642.96643,589.0
643.3189,591.0
643.67114,588.0
644.0232,590.0
644.37506,591.0
644.72675,588.0
645.07825,587.0
645.42944,589.0
645.7805,592.0
646.1314,589.0
646.48206,591.0
646.8325,589.0
647.1829,588.0
647.53296,595.0
647.8829,591.0
648.23267,590.0
648.58215,588.0
648.9316,589.0
649.2807,593.0
649.6297,588.0
649.9785,591.0
650.3272,587.0
650.67566,591.0
651.0239,588.0
651.372,592.0
651.7199,591.0
652.0676,587.0
652.4153,590.0
652.76263,589.0
653.10986,589.0
653.4569,591.0
653.80383,589.0
654.1505,588.0
654.4971,591.0
654.84344,593.0
655.1897,593.0
655.5357,589.0
655.8816,589.0
656.2273,591.0
656.5729,592.0
656.9183,591.0
657.26355,587.0
657.60864,589.0
657.9536,590.0
658.29834,591.0
658.643,589.0
658.9875,587.0
659.3318,592.0
659.6759,593.0
660.01996,592.0
660.3639,592.0
660.7076,587.0
661.05115,590.0
661.39453,592.0
661.7379,589.0
662.081,589.0
662.42395,588.0
662.76685,590.0
663.1096,589.0
663.4522,589.0
663.7947,588.0
664.13696,589.0
664.4791,585.0
664.8212,589.0
665.1631,588.0
665.5049,592.0
665.84656,591.0
666.1881,591.0
666.5295,592.0
666.8707,592.0
667.2119,593.0
667.5529,592.0
667.89386,588.0
668.2346,594.0
668.5753,589.0
668.91583,593.0
669.2562,587.0
669.59656,589.0
669.93677,592.0
670.27686,588.0
670.6168,591.0
670.9566,585.0
671.2964,585.0
671.63605,590.0
671.9755,591.0
672.31494,594.0
672.6543,588.0
672.99347,589.0
673.3326,592.0
673.6716,591.0
674.0105,588.0
674.34924,587.0
674.688,588.0
675.0266,588.0
675.3651,587.0
675.7035,589.0
676.0419,588.0
676.38007,592.0
676.7182,588.0
677.0562,587.0
677.39417,592.0
677.73206,587.0
678.0698,594.0
678.40753,593.0
678.7452,592.0
679.0827,592.0
679.4201,591.0
679.75745,592.0
680.0948,592.0
680.432,588.0
680.76917,592.0
681.1062,590.0
681.4432,589.0
681.7801,591.0
682.1169,588.0
682.4537,591.0
682.7904,586.0
683.127,590.0
683.4636,587.0
683.80005,590.0
684.13654,590.0
684.4729,587.0
684.8092,588.0
685.14545,593.0
685.4816,589.0
685.8178,590.0
686.1538,590.0
686.48987,587.0
686.82587,592.0
687.16174,591.0
687.4976,591.0
687.8335,589.0
688.1692,589.0
688.50494,594.0
688.8406,590.0
689.1762,589.0
689.5118,588.0
689.8473,587.0
690.18274,592.0
690.5183,590.0
690.85364,591.0
691.189,590.0
691.52435,591.0
691.8597,591.0
692.1949,589.0
692.53015,591.0
692.86536,587.0
693.20056,592.0
693.5357,591.0
693.8707,589.0
694.2059,590.0
694.5409,586.0
694.876,588.0
695.211,588.0
695.54596,587.0
695.8809,586.0
696.2159,587.0
696.5508,591.0
696.88574,592.0
697.22064,591.0
697.55554,592.0
697.8904,588.0
698.2252,590.0
698.5601,593.0
698.8949,592.0
699.22974,591.0
699.5646,588.0
699.8994,590.0
700.23425,591.0
null
