wavelength,file10,
309.60687,52.0
309.7361,54.0
309.86536,52.0
309.9946,44.0
310.12387,52.0
310.2531,47.0
310.38235,44.0
310.5116,48.0
310.64087,45.0
310.77008,48.0
310.89935,45.0
311.0286,48.0
311.15784,44.0
311.28708,45.0
311.41635,45.0
311.54556,44.0
311.67484,48.0
311.80408,51.0
311.93332,51.0
312.06256,45.0
312.1918,47.0
312.32104,47.0
312.45032,48.0
312.57953,49.0
312.7088,47.0
312.838,50.0
312.9673,47.0
313.0965,46.0
313.22574,47.0
313.35498,48.0
313.48422,44.0
313.61346,40.0
313.74268,44.0
313.87195,42.0
314.00116,52.0
314.1304,52.0
314.25964,44.0
314.3889,46.0
314.5181,44.0
314.64734,47.0
314.77658,48.0
314.90582,51.0
315.03503,47.0
315.16428,50.0
315.2935,50.0
315.42273,48.0
315.55194,41.0
315.68118,46.0
315.8104,48.0
315.93964,46.0
316.06885,46.0
316.1981,52.0
316.32727,46.0
316.45648,41.0
316.58572,46.0
316.71494,44.0
316.84415,45.0
316.97336,45.0
317.1026,46.0
317.23178,48.0
317.36102,48.0
317.4902,46.0
317.61945,49.0
317.74863,41.0
317.87784,43.0
318.00705,43.0
318.13626,50.0
318.26544,43.0
318.39465,52.0
318.52383,46.0
318.65305,46.0
318.78226,37.0
318.91144,44.0
319.04062,45.0
319.16983,42.0
319.299,49.0
319.42822,44.0
319.5574,44.0
319.68658,46.0
319.81577,49.0
319.94495,48.0
320.07413,41.0
320.2033,44.0
320.3325,43.0
320.46164,49.0
320.59085,52.0
320.72,47.0
320.84918,44.0
320.97833,45.0
321.1075,41.0
321.23666,46.0
321.36584,47.0
321.495,42.0
321.62418,44.0
321.7533,50.0
321.88248,50.0
322.01163,48.0
322.14078,46.0
322.26993,45.0
322.39908,49.0
322.52823,52.0
322.65738,47.0
322.7865,53.0
322.91565,42.0
323.04477,40.0
323.1739,46.0
323.30304,45.0
323.43216,46.0
323.5613,51.0
323.69043,49.0
323.81955,42.0
323.94867,45.0
324.0778,47.0
324.2069,49.0
324.33603,43.0
324.46512,43.0
324.59427,52.0
324.72336,53.0
324.85248,46.0
324.98157,52.0
325.1107,49.0
325.23975,38.0
325.36887,46.0
325.49796,45.0
325.62704,47.0
325.75613,49.0
325.88522,50.0
326.01428,60.0
326.14337,45.0
326.27246,46.0
326.40155,52.0
326.5306,46.0
326.65967,47.0
326.78873,52.0
326.9178,48.0
327.04684,46.0
327.1759,45.0
327.30496,47.0
327.43402,40.0
327.56308,50.0
327.6921,49.0
327.82117,48.0
327.9502,48.0
328.07925,46.0
328.20825,42.0
328.3373,48.0
328.4663,43.0
328.59537,48.0
328.72437,47.0
328.8534,44.0
328.98242,50.0
329.11145,47.0
329.24045,48.0
329.36945,52.0
329.49844,51.0
329.62747,42.0
329.75644,44.0
329.88547,46.0
330.01443,46.0
330.1434,48.0
330.2724,50.0
330.40137,50.0
330.53036,45.0
330.65933,46.0
330.7883,47.0
330.91727,45.0
331.04623,44.0
331.1752,43.0
331.30417,47.0
331.4331,46.0
331.56207,52.0
331.691,42.0
331.81995,47.0
331.94888,46.0
332.07785,46.0
332.20676,46.0
332.3357,48.0
332.4646,60.0
332.59354,40.0
332.72244,42.0
332.85138,48.0
332.9803,43.0
333.1092,47.0
333.2381,43.0
333.36697,48.0
333.49588,52.0
333.62476,52.0
333.75366,52.0
333.88254,46.0
334.01144,42.0
334.1403,44.0
334.2692,47.0
334.39804,43.0
334.52692,49.0
334.65576,49.0
334.78464,48.0
334.91348,49.0
335.04233,54.0
335.17117,48.0
335.30002,47.0
335.42883,43.0
335.55768,46.0
335.6865,57.0
335.81534,39.0
335.94415,51.0
336.07297,46.0
336.20178,40.0
336.3306,45.0
336.45938,41.0
336.58817,43.0
336.71698,49.0
336.8458,53.0
336.97455,49.0
337.1033,56.0
337.23212,56.0
337.36087,53.0
337.48965,49.0
337.6184,49.0
337.74716,52.0
337.87592,51.0
338.00467,47.0
338.1334,45.0
338.26218,48.0
338.39087,42.0
338.51962,51.0
338.64835,44.0
338.77707,48.0
338.9058,50.0
339.03452,51.0
339.1632,50.0
339.29193,46.0
339.4206,45.0
339.54932,48.0
339.67798,43.0
339.8067,44.0
339.93536,46.0
340.06406,49.0
340.1927,42.0
340.32135,51.0
340.45,48.0
340.57867,45.0
340.70734,49.0
340.83597,50.0
340.96463,46.0
341.09323,45.0
341.2219,50.0
341.3505,40.0
341.47913,42.0
341.60773,43.0
341.73636,47.0
341.86493,44.0
341.99356,46.0
342.12213,57.0
342.25073,44.0
342.3793,43.0
342.5079,53.0
342.63647,45.0
342.76505,46.0
342.8936,44.0
343.02216,43.0
343.1507,44.0
343.27927,50.0
343.4078,49.0
343.53632,45.0
343.66486,47.0
343.79337,49.0
343.9219,50.0
344.0504,47.0
344.17892,42.0
344.30743,46.0
344.43594,47.0
344.56442,38.0
344.6929,51.0
344.82138,46.0
344.94986,43.0
345.07834,47.0
345.20682,47.0
345.33527,47.0
345.4637,38.0
345.59216,50.0
345.7206,49.0
345.84903,47.0
345.97748,48.0
346.1059,45.0
346.2343,47.0
346.3627,41.0
346.49115,48.0
346.61954,45.0
346.7479,41.0
346.8763,51.0
347.0047,48.0
347.13306,43.0
347.2614,48.0
347.3898,46.0
347.51816,43.0
347.6465,48.0
347.77484,44.0
347.9032,51.0
348.03152,48.0
348.15988,48.0
348.28818,51.0
348.4165,47.0
348.5448,43.0
348.67313,43.0
348.8014,46.0
348.92972,48.0
349.05798,52.0
349.18628,46.0
349.31454,47.0
349.4428,47.0
349.57108,47.0
349.69934,43.0
349.82758,43.0
349.9558,50.0
350.08405,45.0
350.21228,47.0
350.34048,47.0
350.4687,48.0
350.59692,48.0
350.7251,41.0
350.8533,50.0
350.98148,37.0
351.10968,51.0
351.23785,52.0
351.36603,48.0
351.49417,46.0
351.62234,46.0
351.7505,58.0
351.87863,45.0
352.00677,48.0
352.13492,51.0
352.263,45.0
352.39114,44.0
352.51923,49.0
352.64734,46.0
352.77542,43.0
352.90353,43.0
353.03162,50.0
353.1597,48.0
353.28775,44.0
353.41583,56.0
353.54385,47.0
353.6719,43.0
353.79996,43.0
353.928,41.0
354.056,45.0
354.18402,41.0
354.31204,50.0
354.44003,46.0
354.56802,52.0
354.696,55.0
354.824,51.0
354.95197,56.0
355.07996,39.0
355.20792,49.0
355.33588,50.0
355.4638,40.0
355.59177,53.0
355.71967,42.0
355.84763,46.0
355.97552,45.0
356.10345,48.0
356.23132,46.0
356.35925,45.0
356.48712,51.0
356.61502,49.0
356.74286,47.0
356.87073,50.0
356.9986,49.0
357.12646,44.0
357.2543,43.0
357.3821,38.0
357.50995,47.0
357.63776,44.0
357.7656,51.0
357.89337,52.0
358.02118,43.0
358.14896,47.0
358.27676,42.0
358.4045,45.0
358.53232,45.0
358.66003,44.0
358.7878,43.0
358.91556,49.0
359.0433,47.0
359.17102,48.0
359.29874,48.0
359.42645,44.0
359.55417,48.0
359.68185,47.0
359.80954,42.0
359.93723,51.0
360.06488,51.0
360.19254,42.0
360.32022,41.0
360.44785,43.0
360.57547,38.0
360.70312,43.0
360.83075,46.0
360.95837,50.0
361.08597,48.0
361.2136,48.0
361.34116,51.0
361.46875,47.0
361.5963,46.0
361.7239,48.0
361.85144,51.0
361.979,49.0
362.10654,54.0
362.23407,51.0
362.3616,41.0
362.48914,49.0
362.6166,42.0
362.74414,43.0
362.8716,46.0
362.9991,46.0
363.1266,48.0
363.25403,47.0
363.3815,48.0
363.50897,48.0
363.63638,47.0
363.76382,36.0
363.89127,41.0
364.01868,47.0
364.1461,48.0
364.27347,52.0
364.40088,47.0
364.52823,51.0
364.6556,42.0
364.78296,46.0
364.91034,45.0
365.03766,46.0
365.16504,50.0
365.29233,48.0
365.41968,49.0
365.54697,46.0
365.6743,44.0
365.80157,44.0
365.92886,45.0
366.05612,43.0
366.1834,46.0
366.31067,46.0
366.43793,52.0
366.56516,51.0
366.69238,40.0
366.8196,43.0
366.9468,40.0
367.074,42.0
367.20123,46.0
367.3284,50.0
367.45557,50.0
367.58273,48.0
367.7099,54.0
367.83707,48.0
367.96417,47.0
368.09134,40.0
368.21844,40.0
368.34555,47.0
368.47266,52.0
368.59976,54.0
368.72684,51.0
368.8539,47.0
368.981,44.0
369.10806,46.0
369.23508,45.0
369.36212,47.0
369.48917,47.0
369.61618,50.0
369.7432,51.0
369.8702,50.0
369.99716,50.0
370.12415,39.0
370.25113,43.0
370.3781,46.0
370.50504,48.0
370.632,44.0
370.7589,47.0
370.88583,55.0
371.01276,46.0
371.13965,47.0
371.26657,46.0
371.39343,43.0
371.52032,48.0
371.6472,53.0
371.77405,45.0
371.90088,44.0
372.02774,49.0
372.15454,50.0
372.28137,48.0
372.40817,43.0
372.535,51.0
372.66177,48.0
372.78854,48.0
372.9153,55.0
373.04208,46.0
373.16882,44.0
373.29553,45.0
373.42227,48.0
373.549,43.0
373.67572,46.0
373.8024,49.0
373.9291,46.0
374.0558,60.0
374.18243,45.0
374.30908,47.0
374.43576,46.0
374.56238,45.0
374.68903,48.0
374.8156,45.0
374.94223,48.0
375.06882,54.0
375.19543,47.0
375.322,40.0
375.44858,39.0
375.5751,47.0
375.70166,46.0
375.8282,48.0
375.95474,49.0
376.08124,49.0
376.20776,46.0
376.33423,48.0
376.46072,45.0
376.5872,48.0
376.71365,45.0
376.8401,49.0
376.96652,48.0
377.09296,48.0
377.21942,53.0
377.3458,52.0
377.4722,46.0
377.5986,49.0
377.72495,44.0
377.85135,47.0
377.97766,48.0
378.10403,44.0
378.23035,43.0
378.3567,48.0
378.483,47.0
378.6093,49.0
378.7356,48.0
378.86188,47.0
378.98813,50.0
379.1144,47.0
379.24066,48.0
379.3669,47.0
379.4931,48.0
379.61935,34.0
379.74554,41.0
379.87173,42.0
379.99792,51.0
380.12408,52.0
380.25024,48.0
380.3764,62.0
380.50253,46.0
380.62866,48.0
380.7548,49.0
380.8809,47.0
381.007,43.0
381.13306,44.0
381.25916,47.0
381.3852,40.0
381.51126,51.0
381.63727,47.0
381.76334,44.0
381.8893,47.0
382.01535,47.0
382.14133,45.0
382.26733,49.0
382.39328,50.0
382.51926,42.0
382.6452,45.0
382.77115,39.0
382.89706,50.0
383.02298,51.0
383.14886,47.0
383.27475,52.0
383.40063,47.0
383.52652,59.0
383.65237,49.0
383.7782,45.0
383.90405,44.0
384.02988,44.0
384.1557,42.0
384.28146,45.0
384.4073,47.0
384.53305,50.0
384.6588,46.0
384.78455,46.0
384.9103,48.0
385.03604,50.0
385.16177,46.0
385.28745,43.0
385.41318,45.0
385.53885,52.0
385.66452,47.0
385.79016,50.0
385.91583,42.0
386.04144,44.0
386.16708,43.0
386.2927,48.0
386.4183,43.0
386.54388,46.0
386.66946,55.0
386.795,45.0
386.92056,50.0
387.0461,52.0
387.17166,51.0
387.29715,46.0
387.42264,45.0
387.54816,50.0
387.6736,49.0
387.7991,47.0
387.92453,50.0
388.05,45.0
388.1754,41.0
388.30084,45.0
388.42624,47.0
388.55167,41.0
388.67703,49.0
388.8024,50.0
388.92776,48.0
389.0531,43.0
389.17844,41.0
389.30377,48.0
389.42908,44.0
389.55438,45.0
389.67966,50.0
389.80493,51.0
389.93018,41.0
390.05542,52.0
390.18066,49.0
390.3059,41.0
390.4311,44.0
390.55627,45.0
390.6815,41.0
390.80667,46.0
390.93182,49.0
391.05695,45.0
391.1821,43.0
391.3072,46.0
391.43234,49.0
391.5574,44.0
391.68253,45.0
391.80756,48.0
391.93265,49.0
392.05768,43.0
392.18274,46.0
392.30774,45.0
392.43274,44.0
392.55774,46.0
392.6827,44.0
392.80768,43.0
392.93265,51.0
393.0576,49.0
393.1825,46.0
393.30743,46.0
393.43237,47.0
393.55725,49.0
393.6821,46.0
393.80698,42.0
393.93185,44.0
394.05667,49.0
394.1815,43.0
394.30634,50.0
394.43112,47.0
394.5559,43.0
394.68066,42.0
394.80545,46.0
394.93018,49.0
395.05493,48.0
395.17966,52.0
395.30438,48.0
395.42905,48.0
395.55377,46.0
395.6784,48.0
395.8031,47.0
395.9277,45.0
396.05237,51.0
396.17697,43.0
396.30154,44.0
396.42615,52.0
396.55075,51.0
396.6753,46.0
396.79984,45.0
396.92438,47.0
397.04892,41.0
397.17343,46.0
397.2979,42.0
397.42242,46.0
397.5469,44.0
397.67133,45.0
397.79578,46.0
397.92023,44.0
398.04462,49.0
398.16904,45.0
398.2934,45.0
398.4178,46.0
398.54214,56.0
398.6665,51.0
398.79083,47.0
398.91516,47.0
399.03946,48.0
399.16376,51.0
399.28802,43.0
399.4123,44.0
399.53656,44.0
399.6608,48.0
399.78503,48.0
399.9092,47.0
400.03345,47.0
400.15762,44.0
400.2818,42.0
400.4059,48.0
400.5301,46.0
400.65424,51.0
400.77832,45.0
400.9024,41.0
401.02652,45.0
401.15057,48.0
401.27466,43.0
401.39868,46.0
401.52274,37.0
401.64673,46.0
401.77075,45.0
401.8947,50.0
402.0187,47.0
402.14264,45.0
402.2666,47.0
402.39053,46.0
402.51443,46.0
402.63837,45.0
402.76227,51.0
402.8861,47.0
403.00998,45.0
403.13382,48.0
403.2577,51.0
403.38147,50.0
403.50528,46.0
403.6291,49.0
403.75287,50.0
403.87662,49.0
404.00034,46.0
404.12408,46.0
404.2478,47.0
404.37152,46.0
404.4952,50.0
404.6189,42.0
404.74252,46.0
404.86618,50.0
404.9898,52.0
405.11343,43.0
405.23703,43.0
405.36063,54.0
405.4842,45.0
405.60776,48.0
405.7313,50.0
405.85486,46.0
405.97833,47.0
406.10184,47.0
406.22534,48.0
406.34882,47.0
406.47226,41.0
406.59567,42.0
406.71912,46.0
406.84256,44.0
406.96594,48.0
407.0893,50.0
407.2127,45.0
407.33606,46.0
407.45938,50.0
407.5827,45.0
407.70602,37.0
407.82928,51.0
407.9526,47.0
408.07584,49.0
408.1991,44.0
408.32233,47.0
408.44556,46.0
408.56876,38.0
408.69196,48.0
408.81512,50.0
408.9383,49.0
409.06143,54.0
409.18454,51.0
409.30768,44.0
409.4308,47.0
409.55386,50.0
409.6769,45.0
409.8,48.0
409.92303,50.0
410.04605,48.0
410.16904,49.0
410.29205,47.0
410.41504,51.0
410.538,44.0
410.66092,43.0
410.78387,38.0
410.90677,48.0
411.0297,43.0
411.15256,52.0
411.27545,52.0
411.3983,43.0
411.52115,51.0
411.64395,46.0
411.76678,47.0
411.88956,45.0
412.01236,46.0
412.1351,45.0
412.25784,46.0
412.38058,43.0
412.50333,45.0
412.626,44.0
412.7487,43.0
412.87137,48.0
412.99405,54.0
413.11667,50.0
413.2393,57.0
413.3619,53.0
413.4845,43.0
413.6071,46.0
413.7296,48.0
413.85217,42.0
413.9747,49.0
414.09723,45.0
414.21973,50.0
414.34222,48.0
414.46466,51.0
414.58713,54.0
414.70956,47.0
414.832,44.0
414.95438,50.0
415.07678,46.0
415.19916,48.0
415.32153,52.0
415.44385,47.0
415.5662,41.0
415.68848,48.0
415.81076,46.0
415.93304,45.0
416.05533,48.0
416.17758,46.0
416.29977,51.0
416.422,47.0
416.54422,44.0
416.66638,48.0
416.78854,47.0
416.9107,35.0
417.03284,51.0
417.15497,50.0
417.27704,45.0
417.39917,49.0
417.5212,48.0
417.64328,51.0
417.7653,43.0
417.88733,51.0
418.00934,43.0
418.13135,49.0
418.2533,49.0
418.37527,50.0
418.4972,48.0
418.61914,51.0
418.74103,59.0
418.8629,45.0
418.9848,51.0
419.10666,48.0
419.2285,46.0
419.3503,43.0
419.47214,50.0
419.59393,52.0
419.7157,43.0
419.83746,42.0
419.9592,40.0
420.08096,47.0
420.20264,47.0
420.32434,48.0
420.446,47.0
420.56766,50.0
420.68933,54.0
420.81094,48.0
420.9326,47.0
421.05417,48.0
421.17575,49.0
421.2973,45.0
421.41885,44.0
421.54037,52.0
421.6619,46.0
421.7834,40.0
421.90485,42.0
422.02634,43.0
422.1478,41.0
422.26923,46.0
422.3906,44.0
422.51202,47.0
422.63342,44.0
422.75476,41.0
422.8761,45.0
422.99744,44.0
423.11877,44.0
423.24005,43.0
423.36133,43.0
423.48257,52.0
423.60382,49.0
423.72507,54.0
423.84625,41.0
423.96747,43.0
424.08862,50.0
424.2098,45.0
424.33093,48.0
424.4521,51.0
424.57318,48.0
424.69427,47.0
424.81534,47.0
424.9364,50.0
425.05743,47.0
425.17847,41.0
425.29947,42.0
425.42044,49.0
425.54144,45.0
425.6624,55.0
425.78333,46.0
425.90424,41.0
426.02518,39.0
426.14606,42.0
426.2669,44.0
426.38776,47.0
426.5086,50.0
426.62943,49.0
426.75024,47.0
426.871,49.0
426.9918,45.0
427.11252,49.0
427.23328,46.0
427.35397,46.0
427.47467,52.0
427.59534,51.0
427.71603,45.0
427.83664,43.0
427.9573,42.0
428.07788,41.0
428.1985,45.0
428.31906,44.0
428.4396,47.0
428.56015,46.0
428.6807,48.0
428.8012,51.0
428.92166,50.0
429.04214,45.0
429.16263,48.0
429.28305,42.0
429.40344,51.0
429.52386,50.0
429.64426,48.0
429.76462,62.0
429.88495,48.0
430.00528,41.0
430.12558,43.0
430.2459,46.0
430.36615,41.0
430.48645,46.0
430.60666,50.0
430.7269,49.0
430.8471,52.0
430.9673,54.0
431.08746,50.0
431.2076,47.0
431.32773,43.0
431.44785,42.0
431.56796,47.0
431.68805,47.0
431.8081,51.0
431.92813,52.0
432.0482,38.0
432.1682,48.0
432.28818,44.0
432.40814,52.0
432.5281,52.0
432.64807,53.0
432.76797,50.0
432.88788,46.0
433.00775,44.0
433.12762,47.0
433.24747,47.0
433.3673,43.0
433.48712,46.0
433.6069,48.0
433.72668,45.0
433.84644,46.0
433.9662,43.0
434.0859,41.0
434.20563,40.0
434.3253,44.0
434.44498,40.0
434.5646,48.0
434.68427,50.0
434.80386,45.0
434.92343,44.0
435.04303,43.0
435.1626,50.0
435.28214,47.0
435.40164,43.0
435.52115,49.0
435.64066,47.0
435.7601,43.0
435.87955,50.0
435.999,51.0
436.11838,44.0
436.2378,47.0
436.35718,46.0
436.47653,47.0
436.59586,48.0
436.7152,48.0
436.83447,46.0
436.95377,46.0
437.07303,47.0
437.1923,48.0
437.3115,46.0
437.43073,43.0
437.5499,46.0
437.6691,47.0
437.78824,41.0
437.90735,53.0
438.0265,40.0
438.1456,41.0
438.26468,45.0
438.38373,50.0
438.50278,51.0
438.62183,47.0
438.7408,49.0
438.85977,46.0
438.97876,47.0
439.09772,51.0
439.21664,49.0
439.33554,47.0
439.45444,47.0
439.5733,48.0
439.69217,47.0
439.811,46.0
439.92984,50.0
440.0486,51.0
440.16742,46.0
440.28616,50.0
440.4049,46.0
440.52362,46.0
440.64236,49.0
440.76102,48.0
440.87967,45.0
440.99835,43.0
441.11697,48.0
441.2356,48.0
441.35416,44.0
441.47275,45.0
441.5913,50.0
441.70984,47.0
441.82834,44.0
441.94687,52.0
442.06534,48.0
442.18378,43.0
442.30222,48.0
442.42065,47.0
442.53903,46.0
442.65744,46.0
442.7758,49.0
442.89417,46.0
443.01245,48.0
443.1308,47.0
443.24905,51.0
443.36734,46.0
443.48557,45.0
443.60382,47.0
443.72202,46.0
443.8402,46.0
443.95837,52.0
444.07657,47.0
444.19467,40.0
444.31277,45.0
444.43088,46.0
444.54898,45.0
444.66702,51.0
444.78503,47.0
444.90308,49.0
445.0211,49.0
445.13907,49.0
445.25702,48.0
445.37497,45.0
445.49286,45.0
445.61078,43.0
445.72867,48.0
445.84653,42.0
445.96436,51.0
446.0822,45.0
446.2,43.0
446.3178,53.0
446.43555,52.0
446.5533,44.0
446.67102,45.0
446.78876,51.0
446.90643,41.0
447.0241,50.0
447.14175,49.0
447.25937,50.0
447.37698,47.0
447.4946,42.0
447.61215,47.0
447.72968,45.0
447.84723,43.0
447.96475,52.0
448.08224,50.0
448.1997,43.0
448.31717,43.0
448.43463,44.0
448.552,44.0
448.6694,45.0
448.7868,46.0
448.9041,45.0
449.02148,47.0
449.1388,43.0
449.2561,49.0
449.37335,47.0
449.49063,46.0
449.60785,46.0
449.7251,48.0
449.84225,39.0
449.95944,52.0
450.0766,46.0
450.19373,43.0
450.31085,46.0
450.42798,47.0
450.54504,46.0
450.66208,41.0
450.7791,45.0
450.89618,43.0
451.01315,47.0
451.1301,46.0
451.24707,50.0
451.36404,47.0
451.48096,46.0
451.59784,48.0
451.71472,47.0
451.83157,44.0
451.94843,53.0
452.06522,48.0
452.18204,48.0
452.2988,50.0
452.4156,45.0
452.5323,45.0
452.64902,48.0
452.76572,50.0
452.88242,45.0
452.99905,44.0
453.11566,48.0
453.2323,51.0
453.3489,48.0
453.46548,47.0
453.58203,47.0
453.69858,49.0
453.81512,47.0
453.93158,53.0
454.04807,43.0
454.16452,42.0
454.28098,50.0
454.39737,49.0
454.51376,48.0
454.63016,48.0
454.7465,50.0
454.86285,47.0
454.97913,51.0
455.09546,52.0
455.2117,50.0
455.32797,47.0
455.44418,42.0
455.56042,48.0
455.6766,42.0
455.7928,48.0
455.90894,51.0
456.0251,51.0
456.14117,43.0
456.25726,47.0
456.37332,49.0
456.48935,45.0
456.6054,42.0
456.72144,48.0
456.8374,41.0
456.95334,47.0
457.0693,46.0
457.18524,53.0
457.30115,47.0
457.41702,42.0
457.5329,45.0
457.64874,46.0
457.76456,45.0
457.88034,54.0
457.99615,53.0
458.1119,43.0
458.22766,43.0
458.34335,45.0
458.45908,46.0
458.57474,41.0
458.69043,49.0
458.80603,45.0
458.92166,47.0
459.03726,47.0
459.15283,47.0
459.26837,50.0
459.3839,44.0
459.49942,50.0
459.61493,52.0
459.7304,48.0
459.84583,54.0
459.96127,48.0
460.0767,48.0
460.19208,43.0
460.30743,47.0
460.4228,42.0
460.53815,44.0
460.6534,46.0
460.7687,45.0
460.88397,47.0
460.9992,50.0
461.11444,43.0
461.2296,43.0
461.34482,42.0
461.45996,41.0
461.57513,51.0
461.69022,52.0
461.80533,53.0
461.9204,53.0
462.03546,47.0
462.15048,46.0
462.26547,46.0
462.3805,47.0
462.49548,45.0
462.6104,49.0
462.7253,49.0
462.84024,50.0
462.95514,49.0
463.07,47.0
463.1848,47.0
463.29965,46.0
463.4145,49.0
463.52924,49.0
463.64398,53.0
463.75876,53.0
463.87344,40.0
463.98816,47.0
464.1028,44.0
464.2175,51.0
464.33212,45.0
464.44675,46.0
464.5613,45.0
464.6759,48.0
464.79044,48.0
464.90497,47.0
465.01947,50.0
465.13397,45.0
465.2484,46.0
465.36288,40.0
465.4773,49.0
465.59167,45.0
465.70605,52.0
465.82043,46.0
465.93475,41.0
466.04904,43.0
466.16336,43.0
466.27765,44.0
466.39188,48.0
466.5061,46.0
466.62033,43.0
466.73453,36.0
466.84866,43.0
466.9628,44.0
467.07693,42.0
467.19104,43.0
467.3051,49.0
467.41916,48.0
467.53317,51.0
467.64722,51.0
467.76123,51.0
467.87518,46.0
467.9891,41.0
468.10306,42.0
468.21698,43.0
468.33084,48.0
468.4447,51.0
468.55856,46.0
468.6724,47.0
468.7862,40.0
468.89996,50.0
469.01373,45.0
469.12747,44.0
469.24118,44.0
469.35486,45.0
469.46854,49.0
469.5822,54.0
469.6958,49.0
469.8094,44.0
469.923,47.0
470.0366,44.0
470.15012,43.0
470.2636,46.0
470.37714,42.0
470.49057,45.0
470.60406,42.0
470.71747,43.0
470.83087,46.0
470.94427,48.0
471.05765,45.0
471.171,44.0
471.2843,47.0
471.3976,51.0
471.5109,54.0
471.62415,46.0
471.73737,44.0
471.8506,42.0
471.9638,45.0
472.07697,47.0
472.1901,47.0
472.30325,46.0
472.41635,47.0
472.52942,44.0
472.6425,41.0
472.75555,46.0
472.86856,41.0
472.98157,46.0
473.0945,45.0
473.2075,47.0
473.32043,51.0
473.43332,54.0
473.5462,52.0
473.65906,43.0
473.7719,42.0
473.88474,47.0
473.99753,41.0
474.1103,47.0
474.22305,44.0
474.33582,43.0
474.44852,45.0
474.5612,38.0
474.67386,42.0
474.78653,46.0
474.89914,42.0
475.01172,50.0
475.1243,49.0
475.23688,47.0
475.3494,50.0
475.4619,47.0
475.5744,43.0
475.6869,38.0
475.79932,53.0
475.91174,45.0
476.02414,43.0
476.13654,50.0
476.2489,42.0
476.3612,50.0
476.4735,49.0
476.58582,52.0
476.69812,44.0
476.81033,46.0
476.92255,50.0
477.03476,43.0
477.14697,48.0
477.2591,52.0
477.37122,47.0
477.48337,41.0
477.59546,43.0
477.70752,48.0
477.81955,46.0
477.93158,48.0
478.0436,49.0
478.15558,45.0
478.26752,44.0
478.3795,48.0
478.4914,41.0
478.60327,44.0
478.71515,46.0
478.827,49.0
478.93884,47.0
479.05063,49.0
479.16238,54.0
479.27417,51.0
479.3859,47.0
479.49762,39.0
479.60928,41.0
479.72095,45.0
479.8326,48.0
479.94424,51.0
480.05585,47.0
480.1674,48.0
480.27896,46.0
480.39053,48.0
480.502,47.0
480.6135,46.0
480.72498,48.0
480.83643,47.0
480.94785,41.0
481.05923,51.0
481.17062,47.0
481.28198,44.0
481.3933,42.0
481.5046,46.0
481.6159,47.0
481.72717,47.0
481.8384,48.0
481.94962,48.0
482.06082,44.0
482.17203,50.0
482.28314,48.0
482.39426,52.0
482.50537,47.0
482.61646,49.0
482.72754,54.0
482.83856,51.0
482.94955,52.0
483.06058,47.0
483.17157,41.0
483.2825,44.0
483.3934,47.0
483.50433,45.0
483.61523,49.0
483.72607,50.0
483.83688,47.0
483.94772,47.0
484.05853,44.0
484.16928,49.0
484.28,47.0
484.39075,45.0
484.50146,46.0
484.61212,47.0
484.72275,45.0
484.8334,50.0
484.94403,46.0
485.0546,44.0
485.16516,44.0
485.27567,43.0
485.3862,41.0
485.4967,45.0
485.60718,45.0
485.71762,48.0
485.82806,46.0
485.93848,48.0
486.04883,48.0
486.15918,48.0
486.26953,42.0
486.37985,42.0
486.49014,48.0
486.6004,42.0
486.71063,51.0
486.8209,38.0
486.93106,40.0
487.04123,46.0
487.1514,50.0
487.26154,47.0
487.37164,45.0
487.48172,54.0
487.5918,46.0
487.70184,53.0
487.81183,47.0
487.9218,49.0
488.0318,47.0
488.14172,47.0
488.25168,48.0
488.36157,49.0
488.47144,45.0
488.5813,48.0
488.69113,46.0
488.80093,43.0
488.9107,44.0
489.02048,46.0
489.13025,48.0
489.23996,48.0
489.34964,51.0
489.45932,46.0
489.56897,39.0
489.6786,46.0
489.78818,49.0
489.89777,43.0
490.00735,46.0
490.11685,50.0
490.22635,47.0
490.33588,45.0
490.44534,50.0
490.55478,44.0
490.66418,43.0
490.7736,51.0
490.88297,53.0
490.9923,51.0
491.10162,48.0
491.2109,52.0
491.3202,45.0
491.42947,45.0
491.5387,47.0
491.6479,47.0
491.75708,47.0
491.86627,42.0
491.9754,46.0
492.0845,48.0
492.1936,43.0
492.3027,51.0
492.41174,46.0
492.52075,44.0
492.62976,51.0
492.73877,53.0
492.8477,45.0
492.9566,50.0
493.06555,49.0
493.17444,49.0
493.2833,46.0
493.39212,48.0
493.50095,49.0
493.60977,48.0
493.7185,43.0
493.82724,41.0
493.93597,50.0
494.04468,41.0
494.15338,50.0
494.26202,46.0
494.37064,41.0
494.47925,43.0
494.58786,43.0
494.6964,45.0
494.80493,48.0
494.91345,45.0
495.02197,43.0
495.1304,45.0
495.23883,47.0
495.3473,49.0
495.4557,50.0
495.56406,47.0
495.6724,49.0
495.78073,54.0
495.88904,51.0
495.9973,51.0
496.10556,45.0
496.2138,46.0
496.32205,47.0
496.4302,42.0
496.53836,39.0
496.6465,46.0
496.75464,46.0
496.86273,46.0
496.9708,46.0
497.07883,46.0
497.18686,51.0
497.2949,40.0
497.40286,45.0
497.5108,45.0
497.61874,52.0
497.72665,45.0
497.83453,51.0
497.94238,46.0
498.05023,40.0
498.15805,46.0
498.26584,42.0
498.3736,49.0
498.48135,45.0
498.58908,50.0
498.69678,47.0
498.8044,53.0
498.91208,50.0
499.0197,50.0
499.12732,47.0
499.2349,46.0
499.34247,46.0
499.45,48.0
499.5575,47.0
499.66498,56.0
499.77243,50.0
499.87988,51.0
499.9873,50.0
500.09467,47.0
500.20203,43.0
500.3094,43.0
500.41672,40.0
500.52402,44.0
500.63126,42.0
500.73853,40.0
500.84576,50.0
500.95297,47.0
501.06012,44.0
501.1673,40.0
501.27444,45.0
501.38156,45.0
501.48862,45.0
501.5957,43.0
501.70276,45.0
501.80975,46.0
501.91672,46.0
502.0237,47.0
502.13068,49.0
502.23758,49.0
502.34445,41.0
502.45132,49.0
502.55817,45.0
502.665,48.0
502.77182,47.0
502.87857,43.0
502.98535,50.0
503.0921,44.0
503.1988,46.0
503.30545,50.0
503.41214,41.0
503.5188,37.0
503.62537,43.0
503.73196,49.0
503.83853,44.0
503.9451,48.0
504.0516,45.0
504.15808,43.0
504.26456,46.0
504.37103,47.0
504.47745,44.0
504.58383,44.0
504.69022,45.0
504.79657,51.0
504.9029,49.0
505.0092,46.0
505.11545,51.0
505.22174,47.0
505.32797,41.0
505.43417,49.0
505.54034,42.0
505.6465,43.0
505.7527,45.0
505.8588,48.0
505.96484,46.0
506.07095,47.0
506.177,51.0
506.28302,45.0
506.38898,49.0
506.495,41.0
506.60095,50.0
506.70685,47.0
506.81274,42.0
506.91864,53.0
507.0245,45.0
507.1303,41.0
507.2361,43.0
507.34192,51.0
507.4477,40.0
507.5534,46.0
507.65912,44.0
507.7648,48.0
507.87048,47.0
507.9761,42.0
508.08173,48.0
508.1873,42.0
508.29288,44.0
508.39844,42.0
508.50394,44.0
508.60944,42.0
508.7149,52.0
508.82037,51.0
508.92578,46.0
509.0312,45.0
509.13657,44.0
509.24194,50.0
509.34726,48.0
509.45255,51.0
509.55786,54.0
509.66312,51.0
509.76834,51.0
509.87354,53.0
509.97876,56.0
510.08392,47.0
510.18906,51.0
510.29416,55.0
510.39926,50.0
510.50433,56.0
510.60938,52.0
510.7144,44.0
510.81937,44.0
510.92435,42.0
511.0293,41.0
511.13422,47.0
511.2391,51.0
511.344,44.0
511.44885,46.0
511.55368,47.0
511.65848,45.0
511.76328,47.0
511.86804,43.0
511.97278,43.0
512.07745,47.0
512.1821,43.0
512.28687,53.0
512.3915,47.0
512.49603,46.0
512.60065,47.0
512.70526,43.0
512.80975,45.0
512.9143,45.0
513.0188,46.0
513.1233,47.0
513.2277,47.0
513.3321,47.0
513.4365,53.0
513.5409,51.0
513.64526,39.0
513.7496,40.0
513.8539,43.0
513.9581,46.0
514.06244,52.0
514.1666,47.0
514.2708,45.0
514.375,41.0
514.4792,46.0
514.5833,44.0
514.68744,48.0
514.7915,50.0
514.89557,49.0
514.99963,45.0
515.10364,48.0
515.20764,49.0
515.3116,44.0
515.4155,43.0
515.5194,46.0
515.62335,47.0
515.72723,47.0
515.83105,51.0
515.9349,53.0
516.0387,47.0
516.14246,47.0
516.2462,51.0
516.3499,50.0
516.4536,46.0
516.5573,47.0
516.661,50.0
516.7646,47.0
516.86816,47.0
516.9718,48.0
517.0754,48.0
517.1789,43.0
517.2824,46.0
517.38586,47.0
517.4894,50.0
517.5928,54.0
517.69617,46.0
517.7996,47.0
517.90295,44.0
518.0063,47.0
518.1096,47.0
518.2129,49.0
518.3162,49.0
518.41943,47.0
518.52264,46.0
518.62585,48.0
518.72906,43.0
518.8322,46.0
518.9353,46.0
519.0384,48.0
519.1415,50.0
519.24457,50.0
519.34753,53.0
519.45056,53.0
519.5535,44.0
519.65656,48.0
519.75946,45.0
519.86237,47.0
519.9653,50.0
520.0681,48.0
520.17096,51.0
520.27374,48.0
520.3765,53.0
520.4793,50.0
520.58203,48.0
520.68475,47.0
520.7875,47.0
520.89014,49.0
520.9928,48.0
521.0954,52.0
521.198,46.0
521.3006,41.0
521.40314,41.0
521.5056,47.0
521.60815,46.0
521.71063,44.0
521.8131,51.0
521.9155,47.0
522.0179,46.0
522.1203,46.0
522.22266,55.0
522.32495,46.0
522.42725,50.0
522.52954,53.0
522.63184,58.0
522.7341,55.0
522.83624,54.0
522.9385,52.0
523.04065,43.0
523.14276,48.0
523.2449,48.0
523.347,48.0
523.44904,48.0
523.5511,48.0
523.6531,50.0
523.7551,44.0
523.85706,46.0
523.95905,47.0
524.0609,49.0
524.16284,43.0
524.2647,46.0
524.3666,51.0
524.4684,47.0
524.5702,53.0
524.67194,44.0
524.77374,45.0
524.8754,50.0
524.9771,53.0
525.07886,53.0
525.1805,53.0
525.2821,56.0
525.3837,50.0
525.48535,59.0
525.5869,47.0
525.6884,51.0
525.7899,48.0
525.8914,44.0
525.9929,52.0
526.09436,56.0
526.19574,54.0
526.2971,51.0
526.3985,48.0
526.4999,42.0
526.60114,49.0
526.70245,44.0
526.8038,50.0
526.90497,50.0
527.0062,53.0
527.10736,50.0
527.20856,47.0
527.30975,48.0
527.4109,53.0
527.51196,44.0
527.61304,45.0
527.7141,47.0
527.8151,49.0
527.91614,41.0
528.0171,53.0
528.1181,53.0
528.219,48.0
528.3199,49.0
528.42084,50.0
528.52167,46.0
528.6225,47.0
528.7233,48.0
528.8241,48.0
528.9249,46.0
529.02563,49.0
529.12634,50.0
529.22705,42.0
529.32776,46.0
529.42834,49.0
529.529,48.0
529.6295,54.0
529.73016,49.0
529.8307,47.0
529.9312,44.0
530.0317,46.0
530.1322,45.0
530.23267,47.0
530.33307,49.0
530.4335,53.0
530.5339,56.0
530.6342,52.0
530.73456,55.0
530.83484,58.0
530.9351,59.0
531.0354,56.0
531.1356,52.0
531.23584,51.0
531.33606,45.0
531.4362,52.0
531.5364,43.0
531.6365,44.0
531.7366,44.0
531.8367,48.0
531.93665,52.0
532.0367,47.0
532.13666,57.0
532.23663,49.0
532.3366,59.0
532.4365,59.0
532.5364,59.0
532.6363,53.0
532.73615,45.0
532.83594,51.0
532.9357,48.0
533.0355,45.0
533.1353,48.0
533.23505,52.0
533.3347,42.0
533.43445,45.0
533.5341,46.0
533.6337,45.0
533.73334,47.0
533.8329,46.0
533.9325,44.0
534.032,41.0
534.13153,49.0
534.231,49.0
534.3305,47.0
534.42993,44.0
534.52936,47.0
534.6287,52.0
534.72815,48.0
534.82745,54.0
534.92676,46.0
535.02606,44.0
535.12537,47.0
535.2246,49.0
535.3238,45.0
535.423,50.0
535.5222,51.0
535.62134,44.0
535.72046,49.0
535.8196,58.0
535.91864,55.0
536.01776,49.0
536.11676,46.0
536.21576,48.0
536.31476,48.0
536.4137,48.0
536.51263,53.0
536.6116,60.0
536.71045,48.0
536.8093,55.0
536.90814,59.0
537.00696,56.0
537.1058,53.0
537.2045,44.0
537.3033,51.0
537.402,50.0
537.5007,49.0
537.59937,50.0
537.698,47.0
537.79663,43.0
537.8952,41.0
537.99384,47.0
538.0924,49.0
538.1909,59.0
538.28937,56.0
538.3879,57.0
538.4864,54.0
538.5848,53.0
538.68317,53.0
538.78156,49.0
538.87994,52.0
538.9783,45.0
539.0766,47.0
539.17487,50.0
539.2732,55.0
539.3714,48.0
539.4696,44.0
539.5678,49.0
539.666,48.0
539.7641,45.0
539.86224,50.0
539.9603,53.0
540.0584,44.0
540.1565,51.0
540.25446,46.0
540.3525,47.0
540.45044,54.0
540.5484,53.0
540.64636,52.0
540.74426,54.0
540.84216,60.0
540.94,59.0
541.03784,55.0
541.1356,49.0
541.2334,50.0
541.3312,56.0
541.42896,55.0
541.5266,57.0
541.6243,50.0
541.72205,42.0
541.81964,49.0
541.91724,47.0
542.0149,46.0
542.1124,50.0
542.20996,49.0
542.3075,45.0
542.405,49.0
542.5025,48.0
542.5999,55.0
542.6973,49.0
542.79474,49.0
542.89215,51.0
542.9895,49.0
543.08685,53.0
543.18414,51.0
543.28143,50.0
543.3787,51.0
543.47595,50.0
543.5731,59.0
543.67035,55.0
543.7675,54.0
543.8646,58.0
543.96173,50.0
544.05884,47.0
544.15594,49.0
544.253,56.0
544.35,48.0
544.44696,49.0
544.544,48.0
544.6409,48.0
544.73785,46.0
544.8348,52.0
544.93164,52.0
545.0285,45.0
545.1253,52.0
545.2221,50.0
545.3189,54.0
545.41565,48.0
545.5124,53.0
545.60913,48.0
545.70575,55.0
545.8025,55.0
545.8991,57.0
545.9957,56.0
546.09235,46.0
546.1889,45.0
546.28546,47.0
546.38196,47.0
546.47845,48.0
546.57495,53.0
546.6714,47.0
546.7678,61.0
546.86426,55.0
546.96063,58.0
547.057,52.0
547.1533,47.0
547.2496,43.0
547.34595,47.0
547.4422,52.0
547.5384,58.0
547.6346,53.0
547.7308,51.0
547.82697,50.0
547.9231,53.0
548.0192,49.0
548.11536,54.0
548.2114,54.0
548.30743,49.0
548.40344,51.0
548.49945,49.0
548.59546,50.0
548.6914,49.0
548.78735,47.0
548.8833,47.0
548.9792,46.0
549.075,48.0
549.17084,50.0
549.2666,48.0
549.3625,44.0
549.4582,50.0
549.55396,48.0
549.6497,47.0
549.74536,53.0
549.84106,48.0
549.93665,45.0
550.0323,48.0
550.1279,52.0
550.2235,48.0
550.31903,51.0
550.41455,52.0
550.51,55.0
550.6056,49.0
550.701,50.0
550.79645,59.0
550.8919,52.0
550.98724,49.0
551.0826,51.0
551.1779,57.0
551.27325,54.0
551.3686,58.0
551.4638,52.0
551.5591,51.0
551.65436,57.0
551.7495,57.0
551.84467,54.0
551.9398,54.0
552.0349,51.0
552.13007,57.0
552.22516,52.0
552.3202,57.0
552.4153,52.0
552.51025,52.0
552.6052,51.0
552.7002,54.0
552.7951,50.0
552.8901,53.0
552.985,56.0
553.07983,60.0
553.1747,52.0
553.2695,56.0
553.3643,58.0
553.45905,51.0
553.55383,55.0
553.64856,58.0
553.7433,51.0
553.83795,50.0
553.9326,50.0
554.0272,59.0
554.1219,52.0
554.21643,49.0
554.311,52.0
554.4056,56.0
554.5001,50.0
554.59454,59.0
554.689,53.0
554.78345,49.0
554.8779,59.0
554.97235,48.0
555.0667,53.0
555.161,58.0
555.2554,57.0
555.34973,60.0
555.444,62.0
555.5382,69.0
555.6325,63.0
555.7267,59.0
555.82086,50.0
555.91504,58.0
556.00916,51.0
556.10333,54.0
556.19745,69.0
556.2915,61.0
556.38556,59.0
556.4796,58.0
556.5736,59.0
556.66754,61.0
556.7615,60.0
556.85547,66.0
556.9494,73.0
557.0433,78.0
557.13715,78.0
557.231,73.0
557.3248,69.0
557.4186,63.0
557.5123,70.0
557.60614,69.0
557.6998,62.0
557.7936,70.0
557.8872,72.0
557.98083,63.0
558.0745,68.0
558.16815,65.0
558.2617,66.0
558.35535,56.0
558.44885,64.0
558.54236,62.0
558.6358,70.0
558.7293,67.0
558.82275,64.0
558.9162,63.0
559.0096,62.0
559.103,70.0
559.19635,67.0
559.2897,73.0
559.38293,72.0
559.47626,71.0
559.5695,71.0
559.6628,74.0
559.756,76.0
559.84924,76.0
559.9424,76.0
560.0355,79.0
560.1286,76.0
560.2217,79.0
560.3148,78.0
560.4079,88.0
560.5009,82.0
560.5939,86.0
560.6869,86.0
560.7799,97.0
560.8728,95.0
560.9657,102.0
561.05865,109.0
561.1515,113.0
561.2443,122.0
561.33716,148.0
561.42993,169.0
561.52277,204.0
561.61554,252.0
561.70825,315.0
561.80096,394.0
561.8937,477.0
561.9863,580.0
562.0789,700.0
562.1716,810.0
562.2642,922.0
562.35675,1012.0
562.4493,1083.0
562.5418,1138.0
562.6343,1215.0
562.7268,1283.0
562.8193,1351.0
562.9117,1383.0
563.00415,1360.0
563.09656,1318.0
563.1889,1290.0
563.2812,1264.0
563.37354,1213.0
563.4659,1155.0
563.5581,1084.0
563.6504,971.0
563.7427,848.0
563.83484,735.0
563.927,643.0
564.01917,576.0
564.11127,505.0
564.2034,426.0
564.29553,332.0
564.3876,243.0
564.4797,179.0
564.5717,145.0
564.6637,129.0
564.7557,119.0
564.8476,119.0
564.9396,116.0
565.0315,105.0
565.12335,91.0
565.2152,90.0
565.307,88.0
565.3989,89.0
565.49066,85.0
565.58246,89.0
565.67426,85.0
565.7659,75.0
565.85767,72.0
565.94934,66.0
566.04095,70.0
566.1327,72.0
566.22424,68.0
566.31586,70.0
566.4075,65.0
566.499,67.0
566.5905,67.0
566.682,68.0
566.7735,61.0
566.865,66.0
566.9564,67.0
567.0478,63.0
567.1392,57.0
567.2306,69.0
567.3219,60.0
567.4132,55.0
567.5045,55.0
567.5958,58.0
567.6871,58.0
567.7783,60.0
567.8695,58.0
567.9607,63.0
568.0519,55.0
568.143,66.0
568.23413,58.0
568.32526,50.0
568.4163,50.0
568.5074,53.0
568.5984,55.0
568.6894,57.0
568.78046,63.0
568.8714,66.0
568.96234,62.0
569.0533,61.0
569.14417,63.0
569.23505,57.0
569.32587,49.0
569.4167,53.0
569.5075,52.0
569.5983,58.0
569.689,55.0
569.7798,68.0
569.8705,58.0
569.96124,57.0
570.0519,61.0
570.1425,59.0
570.2332,60.0
570.3238,68.0
570.41437,64.0
570.50494,57.0
570.59546,63.0
570.68604,65.0
570.7765,66.0
570.86694,66.0
570.95746,72.0
571.04785,74.0
571.13824,62.0
571.22864,61.0
571.319,61.0
571.40936,58.0
571.49963,54.0
571.58997,55.0
571.6803,56.0
571.7705,55.0
571.8607,69.0
571.9509,60.0
572.0411,58.0
572.1313,59.0
572.22144,58.0
572.3115,61.0
572.4016,52.0
572.4917,57.0
572.5818,55.0
572.6718,51.0
572.7618,52.0
572.8518,59.0
572.9418,52.0
573.0317,50.0
573.1216,54.0
573.2115,51.0
573.3014,51.0
573.39124,59.0
573.4811,63.0
573.5709,54.0
573.6607,65.0
573.7504,63.0
573.8402,56.0
573.9299,61.0
574.01965,62.0
574.1093,55.0
574.199,49.0
574.28864,61.0
574.37823,54.0
574.4678,53.0
574.5574,49.0
574.6469,54.0
574.73645,53.0
574.8259,55.0
574.9154,69.0
575.0049,67.0
575.0943,58.0
575.1838,69.0
575.27313,61.0
575.3625,58.0
575.4519,52.0
575.5412,49.0
575.6305,53.0
575.7198,54.0
575.809,53.0
575.8983,64.0
575.9875,57.0
576.0767,56.0
576.1659,55.0
576.25507,65.0
576.3442,65.0
576.4333,58.0
576.52234,55.0
576.61145,50.0
576.7005,57.0
576.7895,59.0
576.8785,59.0
576.96747,59.0
577.05646,58.0
577.1454,53.0
577.2343,48.0
577.32324,52.0
577.4121,59.0
577.5009,49.0
577.5897,51.0
577.6785,55.0
577.7674,54.0
577.85614,51.0
577.9449,61.0
578.0336,54.0
578.1223,54.0
578.211,54.0
578.2996,57.0
578.38824,60.0
578.4769,60.0
578.5655,63.0
578.65405,57.0
578.7426,63.0
578.8312,58.0
578.9197,54.0
579.0081,52.0
579.09656,48.0
579.18506,52.0
579.27344,55.0
579.3619,47.0
579.4502,59.0
579.5386,61.0
579.62695,58.0
579.7153,64.0
579.8035,64.0
579.89185,66.0
579.9801,70.0
580.0683,59.0
580.1565,51.0
580.2447,55.0
580.3329,52.0
580.421,58.0
580.5091,49.0
580.5973,51.0
580.6853,47.0
580.7734,55.0
580.8614,54.0
580.9494,58.0
581.0374,56.0
581.1254,54.0
581.2133,59.0
581.30133,58.0
581.3892,59.0
581.4771,56.0
581.56494,54.0
581.6528,53.0
581.74066,53.0
581.8284,57.0
581.9162,53.0
582.00397,52.0
582.0917,47.0
582.17944,52.0
582.26715,49.0
582.3548,49.0
582.4425,61.0
582.53015,61.0
582.61774,56.0
582.7053,53.0
582.79285,59.0
582.8805,58.0
582.968,59.0
583.0555,50.0
583.143,63.0
583.23047,67.0
583.31793,61.0
583.40533,61.0
583.49274,60.0
583.58014,56.0
583.6675,58.0
583.7548,64.0
583.8421,53.0
583.9294,64.0
584.0167,57.0
584.104,54.0
584.1912,55.0
584.27844,54.0
584.36566,51.0
584.4528,47.0
584.54,50.0
584.6271,49.0
584.71423,55.0
584.80133,52.0
584.88837,59.0
584.97546,51.0
585.0625,55.0
585.1495,55.0
585.23645,53.0
585.3234,58.0
585.4104,57.0
585.4973,53.0
585.5842,45.0
585.67114,46.0
585.758,51.0
585.84485,48.0
585.93164,51.0
586.01843,51.0
586.1052,53.0
586.192,55.0
586.27875,58.0
586.3654,62.0
586.45215,52.0
586.5388,47.0
586.6255,48.0
586.7121,53.0
586.79877,55.0
586.8854,59.0
586.9719,59.0
587.0585,51.0
587.14496,59.0
587.23157,53.0
587.31805,62.0
587.4045,42.0
587.49097,48.0
587.5774,49.0
587.6638,52.0
587.7502,57.0
587.83655,57.0
587.9229,53.0
588.0093,48.0
588.0956,48.0
588.1819,51.0
588.2681,52.0
588.3544,63.0
588.4406,66.0
588.5268,54.0
588.61304,57.0
588.69916,61.0
588.78534,59.0
588.87146,60.0
588.9575,55.0
589.04364,57.0
589.1297,57.0
589.21576,56.0
589.3018,61.0
589.3878,48.0
589.47375,51.0
589.55975,42.0
589.6457,54.0
589.7316,53.0
589.8175,59.0
589.9034,66.0
589.9893,55.0
590.07513,63.0
590.16095,59.0
590.24677,62.0
590.3325,50.0
590.41833,57.0
590.5041,52.0
590.5898,56.0
590.6755,58.0
590.7611,59.0
590.84686,58.0
590.9325,50.0
591.01807,60.0
591.10376,59.0
591.18933,54.0
591.27484,58.0
591.3604,52.0
591.4459,52.0
591.53143,55.0
591.61694,51.0
591.7024,46.0
591.7879,53.0
591.8733,49.0
591.9587,54.0
592.04407,54.0
592.1294,53.0
592.2148,59.0
592.3001,58.0
592.3854,54.0
592.47076,53.0
592.5559,55.0
592.64124,57.0
592.72644,71.0
592.81165,69.0
592.89685,72.0
592.982,73.0
593.06714,68.0
593.15234,64.0
593.23737,61.0
593.3225,59.0
593.40753,58.0
593.4926,51.0
593.5777,64.0
593.66266,62.0
593.7476,64.0
593.83264,50.0
593.91754,55.0
594.0025,58.0
594.0874,55.0
594.1723,62.0
594.2572,55.0
594.342,50.0
594.4269,57.0
594.51166,55.0
594.5965,55.0
594.6813,55.0
594.76605,55.0
594.85077,53.0
594.93555,57.0
595.02014,60.0
595.10486,63.0
595.1895,56.0
595.2742,54.0
595.3588,60.0
595.4434,67.0
595.52795,62.0
595.6126,64.0
595.697,63.0
595.7816,56.0
595.8661,56.0
595.95056,49.0
596.0351,58.0
596.1195,52.0
596.204,53.0
596.2883,58.0
596.37274,58.0
596.45715,59.0
596.5415,63.0
596.6258,59.0
596.71014,59.0
596.7944,62.0
596.8787,66.0
596.96295,71.0
597.0472,75.0
597.1314,76.0
597.21564,69.0
597.2998,63.0
597.384,68.0
597.4681,59.0
597.5522,61.0
597.6363,58.0
597.7204,56.0
597.8045,65.0
597.88855,61.0
597.97253,67.0
598.0566,57.0
598.1405,53.0
598.22455,58.0
598.3085,62.0
598.3924,66.0
598.4763,71.0
598.5602,71.0
598.6441,68.0
598.7279,71.0
598.81177,68.0
598.8956,67.0
598.9794,56.0
599.0632,57.0
599.147,59.0
599.23065,62.0
599.3144,63.0
599.39813,62.0
599.4818,61.0
599.5655,62.0
599.6491,63.0
599.7327,60.0
599.8164,54.0
599.8999,61.0
599.9836,62.0
600.0671,54.0
600.15063,50.0
600.2342,59.0
600.3177,61.0
600.4011,61.0
600.4847,63.0
600.568,60.0
600.6515,58.0
600.73486,63.0
600.81824,68.0
600.9017,54.0
600.985,58.0
601.06836,66.0
601.1516,63.0
601.2349,66.0
601.31824,69.0
601.4015,66.0
601.48474,60.0
601.568,68.0
601.6511,66.0
601.7344,66.0
601.8175,66.0
601.90063,64.0
601.9838,66.0
602.0669,67.0
602.15,66.0
602.23315,65.0
602.3161,68.0
602.3992,62.0
602.4822,62.0
602.5652,72.0
602.6482,56.0
602.73114,78.0
602.8141,75.0
602.89703,69.0
602.9799,66.0
603.06287,71.0
603.14575,71.0
603.2286,74.0
603.31146,69.0
603.3942,71.0
603.47705,66.0
603.5598,65.0
603.6426,64.0
603.7254,63.0
603.8081,70.0
603.8908,68.0
603.9735,60.0
604.05615,65.0
604.13885,72.0
604.22144,68.0
604.3041,55.0
604.3867,71.0
604.4693,67.0
604.5519,69.0
604.63446,75.0
604.7169,75.0
604.7995,74.0
604.88196,75.0
604.9644,75.0
605.04694,81.0
605.1293,74.0
605.2118,77.0
605.2942,81.0
605.3765,80.0
605.459,84.0
605.5413,85.0
605.62366,80.0
605.706,72.0
605.7882,82.0
605.87054,85.0
605.9528,71.0
606.03503,74.0
606.1173,73.0
606.1995,77.0
606.2817,79.0
606.3639,67.0
606.446,82.0
606.5282,77.0
606.6103,78.0
606.6924,71.0
606.77454,74.0
606.85657,78.0
606.93866,74.0
607.02075,72.0
607.10266,73.0
607.1847,78.0
607.26666,78.0
607.34863,87.0
607.43066,73.0
607.5125,73.0
607.5945,75.0
607.67633,74.0
607.75824,79.0
607.84015,77.0
607.92194,72.0
608.0038,70.0
608.08563,73.0
608.16736,78.0
608.24915,74.0
608.33093,76.0
608.41266,67.0
608.49445,74.0
608.5761,75.0
608.6578,78.0
608.7395,80.0
608.8211,77.0
608.9028,78.0
608.9844,75.0
609.066,73.0
609.1476,69.0
609.2291,77.0
609.3107,68.0
609.3922,66.0
609.47375,66.0
609.5553,71.0
609.6368,73.0
609.7182,72.0
609.7997,72.0
609.88104,69.0
609.9625,77.0
610.0439,75.0
610.1253,74.0
610.2067,78.0
610.288,74.0
610.3693,70.0
610.4507,61.0
610.5319,69.0
610.6133,69.0
610.6945,70.0
610.77576,68.0
610.85706,70.0
610.93823,75.0
611.0194,71.0
611.10065,76.0
611.1817,76.0
611.26294,70.0
611.34406,69.0
611.4251,81.0
611.5063,70.0
611.5873,72.0
611.6684,78.0
611.74945,70.0
611.83044,70.0
611.9115,70.0
611.9925,72.0
612.0734,76.0
612.1545,75.0
612.23535,86.0
612.31635,86.0
612.3972,86.0
612.4781,83.0
612.559,84.0
612.6399,79.0
612.7207,85.0
612.8016,80.0
612.8823,78.0
612.9632,67.0
613.04395,65.0
613.1247,62.0
613.2055,63.0
613.2862,63.0
613.36694,72.0
613.4477,66.0
613.52826,61.0
613.609,70.0
613.68964,76.0
613.77026,70.0
613.8509,74.0
613.93146,67.0
614.0121,68.0
614.09265,72.0
614.17316,77.0
614.2538,81.0
614.3343,75.0
614.41473,87.0
614.4953,76.0
614.5757,90.0
614.6562,83.0
614.73663,78.0
614.817,72.0
614.8975,68.0
614.97784,72.0
615.0582,72.0
615.1387,73.0
615.21893,79.0
615.2993,72.0
615.3796,65.0
615.4599,75.0
615.5402,78.0
615.62036,75.0
615.7007,82.0
615.7809,78.0
615.8611,91.0
615.94135,97.0
616.02155,89.0
616.1017,84.0
616.1819,67.0
616.26196,65.0
616.3421,70.0
616.42224,76.0
616.5023,68.0
616.5824,74.0
616.6625,76.0
616.7425,73.0
616.8226,79.0
616.9025,79.0
616.98254,79.0
617.0625,78.0
617.14246,83.0
617.2225,84.0
617.30237,85.0
617.3823,87.0
617.4622,95.0
617.54205,92.0
617.62195,92.0
617.70184,97.0
617.7816,86.0
617.8615,82.0
617.9413,79.0
618.0211,79.0
618.1008,74.0
618.1806,77.0
618.26044,77.0
618.34015,80.0
618.4198,72.0
618.4996,64.0
618.5792,75.0
618.65894,74.0
618.7385,72.0
618.8182,78.0
618.8978,79.0
618.9774,79.0
619.057,82.0
619.13666,87.0
619.2161,95.0
619.2957,92.0
619.37524,96.0
619.4548,85.0
619.5343,88.0
619.6138,81.0
619.69324,84.0
619.7727,74.0
619.8521,81.0
619.93164,80.0
620.011,78.0
620.0904,79.0
620.1698,85.0
620.24915,80.0
620.3285,76.0
620.40784,78.0
620.4871,82.0
620.5665,89.0
620.6458,92.0
620.72504,96.0
620.8044,89.0
620.88354,89.0
620.9628,87.0
621.04205,83.0
621.1212,87.0
621.20044,84.0
621.2796,82.0
621.35876,79.0
621.4379,82.0
621.517,81.0
621.5962,78.0
621.67523,87.0
621.75433,92.0
621.83344,97.0
621.9124,95.0
621.9915,101.0
622.07056,93.0
622.14954,89.0
622.2286,97.0
622.30756,104.0
622.38654,97.0
622.4655,85.0
622.5444,87.0
622.62335,83.0
622.7023,86.0
622.7811,85.0
622.86005,94.0
622.9389,87.0
623.01776,80.0
623.0966,83.0
623.1754,84.0
623.2543,92.0
623.333,92.0
623.4118,94.0
623.4906,84.0
623.56934,90.0
623.6481,92.0
623.72687,92.0
623.8055,85.0
623.8842,85.0
623.9629,79.0
624.04156,79.0
624.12024,76.0
624.1988,87.0
624.27747,80.0
624.3561,73.0
624.4347,76.0
624.5133,80.0
624.59186,79.0
624.6704,87.0
624.74896,87.0
624.82745,83.0
624.906,96.0
624.9845,93.0
625.0629,90.0
625.1415,81.0
625.2199,80.0
625.29834,77.0
625.37683,88.0
625.4552,83.0
625.5336,88.0
625.612,86.0
625.69037,79.0
625.76874,89.0
625.8471,92.0
625.9254,96.0
626.0037,100.0
626.082,93.0
626.16034,90.0
626.2386,91.0
626.31683,88.0
626.39514,76.0
626.4733,87.0
626.5516,85.0
626.62976,82.0
626.70795,83.0
626.7862,88.0
626.8643,91.0
626.94244,87.0
627.0206,85.0
627.0987,81.0
627.1769,86.0
627.25494,87.0
627.333,105.0
627.41113,85.0
627.4892,81.0
627.5672,88.0
627.6453,90.0
627.72327,86.0
627.80133,85.0
627.8793,83.0
627.9573,90.0
628.0353,92.0
628.11316,91.0
628.1911,97.0
628.26904,94.0
628.3469,79.0
628.42487,86.0
628.50275,89.0
628.5806,96.0
628.6585,99.0
628.73627,99.0
628.81415,94.0
628.89197,93.0
628.9698,91.0
629.0476,85.0
629.12537,82.0
629.2031,86.0
629.28094,87.0
629.3586,82.0
629.4364,78.0
629.5141,86.0
629.59174,85.0
629.6695,77.0
629.7472,78.0
629.8248,82.0
629.9025,81.0
629.9801,90.0
630.05774,80.0
630.1354,81.0
630.21295,86.0
630.2906,86.0
630.36804,88.0
630.4457,84.0
630.5232,95.0
630.6007,85.0
630.6783,90.0
630.7558,93.0
630.83325,93.0
630.9108,95.0
630.9882,91.0
631.06573,94.0
631.1431,98.0
631.2206,96.0
631.29803,95.0
631.3754,99.0
631.4528,101.0
631.5302,100.0
631.60754,97.0
631.68494,96.0
631.76227,88.0
631.8396,87.0
631.91693,92.0
631.99426,94.0
632.07153,89.0
632.1488,93.0
632.2261,88.0
632.30334,90.0
632.3806,87.0
632.4578,94.0
632.5351,91.0
632.61224,96.0
632.68945,92.0
632.76666,92.0
632.8438,93.0
632.921,90.0
632.99817,91.0
633.07526,95.0
633.15247,97.0
633.2295,94.0
633.30664,98.0
633.38367,107.0
633.46075,96.0
633.53784,100.0
633.61487,102.0
633.6919,107.0
633.769,106.0
633.84595,106.0
633.923,107.0
633.99994,96.0
634.07697,97.0
634.15393,98.0
634.23083,101.0
634.3078,97.0
634.38477,101.0
634.4617,100.0
634.5386,100.0
634.6155,104.0
634.6924,114.0
634.7693,125.0
634.84607,123.0
634.923,115.0
634.99976,112.0
635.0766,112.0
635.15344,113.0
635.2302,118.0
635.307,120.0
635.38385,100.0
635.4605,102.0
635.53735,107.0
635.6141,109.0
635.6908,107.0
635.7676,109.0
635.84424,106.0
635.9209,103.0
635.9977,100.0
636.0743,98.0
636.151,93.0
636.2276,94.0
636.30426,100.0
636.3809,102.0
636.45746,103.0
636.5341,107.0
636.6107,95.0
636.68726,94.0
636.76385,103.0
636.84045,106.0
636.917,110.0
636.9935,116.0
637.07,112.0
637.14655,114.0
637.223,120.0
637.2995,118.0
637.37604,111.0
637.4525,104.0
637.52893,108.0
637.60547,116.0
637.6818,119.0
637.7583,121.0
637.8347,132.0
637.9111,127.0
637.98755,115.0
638.0639,120.0
638.14026,113.0
638.2166,118.0
638.2929,107.0
638.3693,105.0
638.4456,104.0
638.5219,103.0
638.59827,105.0
638.6745,106.0
638.75085,109.0
638.8271,107.0
638.9033,115.0
638.9796,109.0
639.05585,129.0
639.1321,132.0
639.2084,120.0
639.2845,108.0
639.3607,119.0
639.4369,125.0
639.51306,125.0
639.5893,125.0
639.6654,128.0
639.7416,130.0
639.81775,128.0
639.8938,116.0
639.9699,111.0
640.046,108.0
640.12213,114.0
640.19824,122.0
640.27423,113.0
640.35034,114.0
640.4264,120.0
640.5024,110.0
640.5785,104.0
640.6545,112.0
640.73047,108.0
640.8065,110.0
640.88245,107.0
640.95844,105.0
641.0344,119.0
641.11035,115.0
641.18634,128.0
641.26227,133.0
641.3382,124.0
641.4141,124.0
641.49,126.0
641.5659,134.0
641.6418,133.0
641.71765,129.0
641.7936,119.0
641.8694,120.0
641.94525,120.0
642.0211,121.0
642.09686,116.0
642.1727,131.0
642.24854,124.0
642.3243,116.0
642.40015,125.0
642.4758,128.0
642.55164,140.0
642.6274,133.0
642.7031,129.0
642.77893,122.0
642.8546,126.0
642.9303,132.0
643.0061,132.0
643.0817,122.0
643.1574,123.0
643.2331,133.0
643.3088,125.0
643.38446,130.0
643.4601,127.0
643.5357,126.0
643.6114,131.0
643.68695,135.0
643.7626,132.0
643.8382,132.0
643.91376,134.0
643.9894,126.0
644.06494,131.0
644.1405,132.0
644.216,134.0
644.29156,139.0
644.3671,135.0
644.4426,132.0
644.5181,129.0
644.5937,130.0
644.6691,113.0
644.7446,112.0
644.8201,116.0
644.89557,115.0
644.97107,121.0
645.0465,117.0
645.12195,123.0
645.1974,115.0
645.27277,118.0
645.3482,128.0
645.4236,131.0
645.49896,139.0
645.5744,148.0
645.6498,147.0
645.72516,141.0
645.80054,139.0
645.8758,133.0
645.9512,124.0
646.0265,131.0
646.1018,124.0
646.1772,126.0
646.2524,134.0
646.32776,136.0
646.403,153.0
646.4783,146.0
646.5536,136.0
646.62885,144.0
646.7041,150.0
646.77936,150.0
646.8545,151.0
646.9298,132.0
647.005,126.0
647.0802,143.0
647.1554,156.0
647.2306,155.0
647.3058,140.0
647.381,144.0
647.45605,144.0
647.53125,147.0
647.6064,142.0
647.6815,147.0
647.7567,132.0
647.8318,127.0
647.9069,129.0
647.98206,133.0
648.05707,133.0
648.1322,129.0
648.2073,124.0
648.2823,121.0
648.3574,128.0
648.4324,129.0
648.5075,128.0
648.5825,139.0
648.65753,133.0
648.7326,144.0
648.80756,151.0
648.88257,149.0
648.9576,155.0
649.03253,139.0
649.10754,137.0
649.1825,144.0
649.25745,147.0
649.33246,144.0
649.40735,141.0
649.4823,129.0
649.55725,125.0
649.6321,130.0
649.7071,128.0
649.782,124.0
649.8568,130.0
649.93176,132.0
650.00665,134.0
650.0815,129.0
650.1563,122.0
650.2312,128.0
650.3061,115.0
650.3809,105.0
650.45575,106.0
650.5306,110.0
650.60535,118.0
650.6802,122.0
650.755,113.0
650.8298,116.0
650.9046,123.0
650.9794,124.0
651.05414,129.0
651.1289,145.0
651.2036,142.0
651.2784,144.0
651.3531,147.0
651.42786,146.0
651.5026,143.0
651.5773,135.0
651.652,128.0
651.72675,140.0
651.8014,140.0
651.8761,131.0
651.95074,140.0
652.0254,137.0
652.1001,134.0
652.1747,131.0
652.2494,130.0
652.32404,129.0
652.3986,127.0
652.4733,129.0
652.5479,127.0
652.6225,127.0
652.69714,125.0
652.77167,130.0
652.8463,130.0
652.9209,120.0
652.9955,134.0
653.07007,137.0
653.1446,130.0
653.2192,132.0
653.29376,119.0
653.3682,121.0
653.4428,117.0
653.51733,119.0
653.5918,103.0
653.6664,108.0
653.74084,109.0
653.81537,116.0
653.8899,124.0
653.9643,122.0
654.0388,123.0
654.1133,121.0
654.18774,131.0
654.2622,132.0
654.3366,127.0
654.4111,129.0
654.4855,123.0
654.55994,127.0
654.6344,128.0
654.7088,135.0
654.7832,141.0
654.8576,130.0
654.93195,126.0
655.00635,137.0
655.08075,128.0
655.1551,140.0
655.2295,129.0
655.3039,145.0
655.37823,137.0
655.4526,139.0
655.52686,135.0
655.60126,134.0
655.6756,134.0
655.7499,131.0
655.8242,135.0
655.89856,133.0
655.97284,143.0
656.0471,153.0
656.1214,136.0
656.1957,131.0
656.26996,119.0
656.34424,127.0
656.4185,136.0
656.49274,134.0
656.567,136.0
656.64124,133.0
656.71545,139.0
656.7898,139.0
656.86395,138.0
656.9382,139.0
657.01245,145.0
657.0866,153.0
657.1608,157.0
657.235,165.0
657.3092,162.0
657.3834,158.0
657.4576,142.0
657.53174,147.0
657.60596,141.0
657.68005,143.0
657.7543,133.0
657.82837,153.0
657.9025,147.0
657.9767,142.0
658.0507,142.0
658.12494,142.0
658.19904,146.0
658.27313,147.0
658.3473,149.0
658.4214,142.0
658.4955,136.0
658.5696,135.0
658.6436,140.0
658.7177,142.0
658.7918,137.0
658.86584,131.0
658.93994,135.0
659.014,130.0
659.088,148.0
659.1621,133.0
659.2361,135.0
659.3102,145.0
659.3842,149.0
659.4582,151.0
659.5323,155.0
659.60626,142.0
659.68024,128.0
659.75433,129.0
659.82825,122.0
659.9023,114.0
659.97626,114.0
660.05023,115.0
660.1242,121.0
660.1981,125.0
660.27216,125.0
660.34607,124.0
660.42004,120.0
660.494,121.0
660.56793,134.0
660.64185,144.0
660.7159,148.0
660.78973,144.0
660.8637,143.0
660.93756,133.0
661.0115,129.0
661.08545,127.0
661.1593,131.0
661.2332,133.0
661.3071,134.0
661.381,141.0
661.4549,140.0
661.52875,140.0
661.6026,140.0
661.6765,136.0
661.75037,143.0
661.8242,147.0
661.8981,150.0
661.9719,158.0
662.0458,157.0
662.1196,146.0
662.1934,142.0
662.26733,129.0
662.34106,125.0
662.4149,122.0
662.4888,124.0
662.56256,122.0
662.6364,121.0
662.7102,118.0
662.784,115.0
662.8578,110.0
662.9315,108.0
663.0054,103.0
663.0791,110.0
663.1529,114.0
663.2267,122.0
663.3005,121.0
663.3742,123.0
663.448,124.0
663.52167,131.0
663.59546,129.0
663.6692,125.0
663.7429,125.0
663.8167,128.0
663.8904,137.0
663.9642,143.0
664.03784,134.0
664.1116,131.0
664.18536,121.0
664.25903,124.0
664.3327,125.0
664.4065,139.0
664.4801,138.0
664.55383,144.0
664.6275,144.0
664.7012,124.0
664.7749,119.0
664.8486,119.0
664.92224,118.0
664.996,119.0
665.0696,120.0
665.14325,121.0
665.2169,130.0
665.2906,127.0
665.36426,126.0
665.43787,127.0
665.51154,122.0
665.5852,123.0
665.65875,130.0
665.7324,127.0
665.8061,132.0
665.8797,133.0
665.95337,130.0
666.02686,132.0
666.1005,135.0
666.17413,125.0
666.24774,131.0
666.3214,131.0
666.39496,130.0
666.46857,130.0
666.5422,134.0
666.6157,138.0
666.68933,140.0
666.76294,135.0
666.8365,133.0
666.9101,125.0
666.98364,133.0
667.0572,132.0
667.13086,138.0
667.20435,133.0
667.27795,136.0
667.3515,136.0
667.425,133.0
667.4986,134.0
667.57214,128.0
667.6457,121.0
667.7192,117.0
667.7927,122.0
667.8663,121.0
667.9398,119.0
668.0133,121.0
668.0869,127.0
668.16034,131.0
668.2339,128.0
668.30743,128.0
668.3809,123.0
668.45447,123.0
668.52795,123.0
668.60144,136.0
668.675,142.0
668.7484,143.0
668.82196,155.0
668.89545,161.0
668.9689,165.0
669.0424,153.0
669.1159,147.0
669.1894,126.0
669.2629,110.0
669.3363,125.0
669.4098,126.0
669.4833,128.0
669.5567,122.0
669.63025,123.0
669.7036,109.0
669.7771,124.0
669.8506,124.0
669.924,123.0
669.9975,129.0
670.0709,128.0
670.14435,129.0
670.21783,136.0
670.2912,138.0
670.3647,129.0
670.4381,125.0
670.51154,117.0
670.585,120.0
670.65845,125.0
670.7319,130.0
670.8053,133.0
670.87866,125.0
670.95215,114.0
671.0255,113.0
671.09894,109.0
671.1724,101.0
671.2458,111.0
671.3192,111.0
671.39264,107.0
671.46594,101.0
671.5394,103.0
671.6128,107.0
671.6862,98.0
671.75964,102.0
671.83295,108.0
671.9064,117.0
671.9798,121.0
672.05316,120.0
672.1266,117.0
672.19995,106.0
672.2733,117.0
672.34674,125.0
672.42004,133.0
672.49347,135.0
672.56683,141.0
672.6402,145.0
672.7136,141.0
672.787,137.0
672.8603,132.0
672.9337,120.0
673.007,123.0
673.08044,136.0
673.15375,138.0
673.2271,133.0
673.30054,126.0
673.3738,110.0
673.4472,105.0
673.52057,125.0
673.5939,133.0
673.6673,133.0
673.7406,143.0
673.81396,130.0
673.8873,131.0
673.96063,131.0
674.034,136.0
674.1073,131.0
674.18066,124.0
674.254,126.0
674.32733,121.0
674.4007,113.0
674.47406,127.0
674.5473,127.0
674.6207,123.0
674.69403,118.0
674.76733,124.0
674.8407,128.0
674.914,126.0
674.9873,135.0
675.06067,123.0
675.134,122.0
675.20734,120.0
675.28064,122.0
675.35394,118.0
675.4273,112.0
675.50055,102.0
675.5739,108.0
675.6472,105.0
675.7205,98.0
675.7939,116.0
675.8672,96.0
675.9405,93.0
676.01385,101.0
676.0871,96.0
676.16046,93.0
676.2337,94.0
676.307,98.0
676.3804,91.0
676.4537,98.0
676.527,93.0
676.60034,97.0
676.6735,92.0
676.7469,82.0
676.8202,78.0
676.8935,87.0
676.96686,78.0
677.0401,80.0
677.1134,72.0
677.18677,69.0
677.26,81.0
677.3333,78.0
677.4066,77.0
677.4799,76.0
677.5532,70.0
677.62646,76.0
677.6998,74.0
677.77313,65.0
677.8464,64.0
677.91974,61.0
677.99304,66.0
678.0663,68.0
678.13965,66.0
678.2129,61.0
678.2862,72.0
678.3595,65.0
678.43274,59.0
678.5061,63.0
678.5794,56.0
678.65265,62.0
678.726,60.0
678.79926,64.0
null
