wavelength,file1,
288.232,59.0
288.36914,61.0
288.5063,59.0
288.64343,59.0
288.7806,62.0
288.91776,60.0
289.0549,62.0
289.19205,61.0
289.32922,60.0
289.46637,65.0
289.60352,63.0
289.74066,65.0
289.87784,64.0
290.01498,62.0
290.15213,62.0
290.28928,65.0
290.42642,64.0
290.56357,63.0
290.7007,62.0
290.83786,61.0
290.975,59.0
291.11215,62.0
291.2493,63.0
291.38644,62.0
291.52362,62.0
291.66077,62.0
291.7979,61.0
291.93506,61.0
292.0722,59.0
292.20935,60.0
292.3465,59.0
292.4836,60.0
292.62076,60.0
292.7579,59.0
292.89505,62.0
293.0322,61.0
293.1693,59.0
293.30646,57.0
293.4436,61.0
293.58075,61.0
293.7179,61.0
293.85504,64.0
293.99216,62.0
294.1293,61.0
294.26642,59.0
294.40356,63.0
294.54068,62.0
294.67783,61.0
294.81494,61.0
294.9521,63.0
295.0892,64.0
295.22632,63.0
295.36346,64.0
295.50058,63.0
295.63773,62.0
295.77484,64.0
295.912,64.0
296.0491,64.0
296.18622,63.0
296.32333,67.0
296.46045,64.0
296.59756,63.0
296.73468,63.0
296.8718,62.0
297.0089,63.0
297.14603,63.0
297.2831,63.0
297.42023,64.0
297.55734,62.0
297.69446,61.0
297.83157,62.0
297.9687,59.0
298.10577,63.0
298.2429,62.0
298.37997,62.0
298.51706,62.0
298.65417,63.0
298.79126,60.0
298.92834,59.0
299.06543,61.0
299.20255,61.0
299.33963,58.0
299.4767,58.0
299.6138,59.0
299.7509,62.0
299.888,60.0
300.02505,60.0
300.16214,58.0
300.29922,58.0
300.43628,61.0
300.57336,60.0
300.71045,63.0
300.8475,64.0
300.9846,63.0
301.12164,62.0
301.2587,58.0
301.39575,64.0
301.53284,63.0
301.6699,61.0
301.80695,61.0
301.94403,61.0
302.0811,64.0
302.21814,64.0
302.35516,66.0
302.49222,63.0
302.62927,62.0
302.76633,63.0
302.90335,63.0
303.0404,64.0
303.17743,67.0
303.31445,65.0
303.4515,64.0
303.58853,62.0
303.72556,64.0
303.86258,64.0
303.9996,64.0
304.13666,62.0
304.27368,64.0
304.41068,65.0
304.5477,61.0
304.68472,62.0
304.82172,62.0
304.95874,58.0
305.09573,62.0
305.23273,62.0
305.36975,63.0
305.50674,63.0
305.64374,63.0
305.78073,60.0
305.91772,58.0
306.05472,61.0
306.1917,60.0
306.3287,59.0
306.4657,62.0
306.60266,62.0
306.73962,62.0
306.87662,60.0
307.01358,60.0
307.15054,59.0
307.2875,58.0
307.42447,61.0
307.56143,60.0
307.6984,63.0
307.83536,63.0
307.9723,61.0
308.10925,63.0
308.24622,60.0
308.38315,63.0
308.5201,64.0
308.65704,60.0
308.79398,62.0
308.9309,64.0
309.06784,65.0
309.20477,61.0
309.34167,65.0
309.4786,64.0
309.6155,61.0
309.75244,64.0
309.88934,64.0
310.02625,64.0
310.16315,64.0
310.30008,64.0
310.43698,63.0
310.57388,63.0
310.71075,64.0
310.84766,64.0
310.98453,63.0
311.12143,64.0
311.2583,64.0
311.39517,64.0
311.53204,62.0
311.6689,62.0
311.8058,60.0
311.94266,59.0
312.0795,62.0
312.21637,62.0
312.35324,61.0
312.49008,64.0
312.62695,63.0
312.7638,61.0
312.90063,58.0
313.03745,61.0
313.1743,59.0
313.31113,58.0
313.44794,61.0
313.58475,61.0
313.7216,62.0
313.8584,60.0
313.9952,61.0
314.13202,59.0
314.2688,58.0
314.4056,60.0
314.54242,60.0
314.67923,62.0
314.816,63.0
314.9528,62.0
315.0896,61.0
315.22635,60.0
315.36313,63.0
315.4999,62.0
315.63666,61.0
315.77344,63.0
315.9102,64.0
316.04694,64.0
316.1837,63.0
316.32043,65.0
316.45718,63.0
316.59393,62.0
316.73068,67.0
316.8674,66.0
317.00415,65.0
317.14087,65.0
317.2776,64.0
317.4143,64.0
317.551,62.0
317.6877,66.0
317.8244,64.0
317.96112,62.0
318.0978,61.0
318.2345,63.0
318.3712,65.0
318.50784,63.0
318.64453,62.0
318.78122,62.0
318.9179,59.0
319.05457,61.0
319.19122,62.0
319.32788,62.0
319.46454,62.0
319.60117,63.0
319.73782,62.0
319.87445,58.0
320.01108,59.0
320.1477,56.0
320.28433,61.0
320.42096,60.0
320.55756,61.0
320.69418,61.0
320.8308,60.0
320.9674,60.0
321.104,62.0
321.2406,57.0
321.3772,61.0
321.51376,60.0
321.65036,63.0
321.78693,64.0
321.9235,65.0
322.06006,63.0
322.19662,61.0
322.33316,63.0
322.46973,64.0
322.60626,62.0
322.7428,64.0
322.87936,65.0
323.0159,65.0
323.1524,63.0
323.28894,63.0
323.42545,64.0
323.56195,61.0
323.69846,66.0
323.83496,63.0
323.97147,64.0
324.10794,65.0
324.24445,65.0
324.38092,64.0
324.5174,64.0
324.65387,66.0
324.79034,64.0
324.92682,63.0
325.06326,64.0
325.19974,66.0
325.33618,67.0
325.4726,64.0
325.60904,63.0
325.74548,62.0
325.8819,59.0
326.0183,63.0
326.15472,61.0
326.29114,63.0
326.42752,63.0
326.56393,63.0
326.70032,61.0
326.8367,59.0
326.97308,60.0
327.10947,62.0
327.24585,59.0
327.38223,60.0
327.5186,62.0
327.65494,63.0
327.7913,60.0
327.9276,63.0
328.06396,61.0
328.2003,58.0
328.3366,62.0
328.47293,62.0
328.60925,64.0
328.74554,65.0
328.88187,64.0
329.01816,63.0
329.15445,59.0
329.29077,64.0
329.42703,64.0
329.56332,61.0
329.6996,62.0
329.83585,64.0
329.9721,65.0
330.10837,63.0
330.2446,65.0
330.38083,64.0
330.51706,62.0
330.6533,64.0
330.78952,65.0
330.92575,66.0
331.06195,66.0
331.19815,65.0
331.33438,66.0
331.47058,63.0
331.60675,67.0
331.74292,66.0
331.87912,64.0
332.01526,64.0
332.15143,67.0
332.2876,67.0
332.42374,64.0
332.55988,62.0
332.696,63.0
332.83215,59.0
332.96826,63.0
333.10437,62.0
333.2405,65.0
333.37662,65.0
333.51273,64.0
333.64883,64.0
333.7849,59.0
333.921,62.0
334.05707,61.0
334.1931,60.0
334.3292,61.0
334.46524,63.0
334.6013,61.0
334.73734,61.0
334.87335,61.0
335.0094,61.0
335.14542,59.0
335.28143,62.0
335.41748,61.0
335.55344,64.0
335.68945,64.0
335.82544,63.0
335.96143,64.0
336.0974,63.0
336.23337,63.0
336.36932,65.0
336.50528,64.0
336.64124,66.0
336.7772,66.0
336.91312,65.0
337.04904,65.0
337.18497,67.0
337.32086,64.0
337.45682,64.0
337.59268,65.0
337.7286,64.0
337.8645,68.0
338.00037,67.0
338.13626,68.0
338.27213,66.0
338.40796,64.0
338.54382,67.0
338.67966,65.0
338.8155,64.0
338.95132,67.0
339.08716,66.0
339.22296,67.0
339.3588,66.0
339.49463,65.0
339.63037,65.0
339.7662,65.0
339.90198,63.0
340.03775,64.0
340.17352,65.0
340.3093,66.0
340.44504,65.0
340.58078,64.0
340.71652,62.0
340.85223,66.0
340.98798,64.0
341.1237,66.0
341.2594,66.0
341.39508,66.0
341.5308,70.0
341.66647,67.0
341.8022,69.0
341.93784,67.0
342.07352,65.0
342.20917,69.0
342.34482,71.0
342.48047,71.0
342.6161,70.0
342.7517,74.0
342.88733,71.0
343.02295,70.0
343.15854,71.0
343.29413,72.0
343.42972,72.0
343.5653,73.0
343.7009,74.0
343.8365,74.0
343.97205,75.0
344.10757,77.0
344.24313,75.0
344.37866,74.0
344.5142,74.0
344.6497,76.0
344.78522,77.0
344.92072,78.0
345.0562,78.0
345.19168,77.0
345.32718,75.0
345.46265,78.0
345.5981,78.0
345.73355,74.0
345.86905,77.0
346.0045,77.0
346.1399,78.0
346.27533,75.0
346.41074,76.0
346.54614,73.0
346.68155,72.0
346.81693,76.0
346.95233,79.0
347.0877,78.0
347.22305,76.0
347.35843,77.0
347.49377,75.0
347.62912,74.0
347.76443,75.0
347.89978,77.0
348.0351,75.0
348.1704,76.0
348.30573,79.0
348.441,79.0
348.5763,77.0
348.71158,75.0
348.84683,77.0
348.9821,76.0
349.11734,81.0
349.2526,80.0
349.38782,82.0
349.52304,82.0
349.65826,81.0
349.79346,82.0
349.92868,79.0
350.06384,84.0
350.19907,80.0
350.33423,79.0
350.4694,80.0
350.60455,83.0
350.73972,84.0
350.87485,83.0
351.00998,84.0
351.14508,83.0
351.2802,81.0
351.4153,85.0
351.5504,84.0
351.6855,86.0
351.82056,85.0
351.95566,84.0
352.0907,83.0
352.22577,82.0
352.3608,86.0
352.49585,85.0
352.6309,84.0
352.7659,85.0
352.9009,84.0
353.0359,85.0
353.1709,84.0
353.30588,81.0
353.44083,84.0
353.5758,82.0
353.71075,83.0
353.8457,83.0
353.98062,80.0
354.11554,85.0
354.2505,82.0
354.3854,85.0
354.5203,83.0
354.65518,84.0
354.79007,82.0
354.92496,83.0
355.0598,86.0
355.19467,86.0
355.3295,83.0
355.46432,81.0
355.59915,83.0
355.73398,83.0
355.86877,78.0
356.00357,84.0
356.13837,85.0
356.27316,84.0
356.40793,86.0
356.5427,87.0
356.67746,86.0
356.8122,82.0
356.94693,88.0
357.08163,88.0
357.21634,84.0
357.35104,86.0
357.48575,87.0
357.62042,85.0
357.7551,87.0
357.88977,88.0
358.0244,86.0
358.15906,85.0
358.29373,88.0
358.42834,88.0
358.563,89.0
358.69757,89.0
358.83218,91.0
358.96677,89.0
359.10135,87.0
359.2359,91.0
359.37045,91.0
359.505,90.0
359.63956,91.0
359.77408,92.0
359.9086,91.0
360.0431,89.0
360.1776,90.0
360.31213,87.0
360.44656,88.0
360.5811,92.0
360.7155,90.0
360.84998,90.0
360.9844,91.0
361.11884,90.0
361.25327,89.0
361.38766,86.0
361.52206,89.0
361.65646,87.0
361.79083,87.0
361.9252,85.0
362.05957,88.0
362.1939,87.0
362.32828,86.0
362.4626,86.0
362.59692,84.0
362.73123,84.0
362.86554,86.0
362.99982,86.0
363.1341,86.0
363.26837,84.0
363.40262,83.0
363.53687,86.0
363.6711,84.0
363.80533,88.0
363.93954,90.0
364.07376,89.0
364.20795,94.0
364.34216,97.0
364.47632,97.0
364.6105,99.0
364.74466,100.0
364.87878,101.0
365.01294,99.0
365.14703,101.0
365.28116,98.0
365.41525,101.0
365.54935,102.0
365.6834,100.0
365.8175,97.0
365.95154,92.0
366.0856,95.0
366.21964,93.0
366.35367,90.0
366.48767,89.0
366.6217,89.0
366.75568,87.0
366.88968,82.0
367.02365,80.0
367.15762,78.0
367.29156,73.0
367.4255,76.0
367.55945,77.0
367.69336,77.0
367.82727,74.0
367.96115,76.0
368.09506,73.0
368.2289,70.0
368.36282,71.0
368.49664,70.0
368.63052,69.0
368.7643,69.0
368.89816,71.0
369.03198,70.0
369.16577,69.0
369.29956,70.0
369.43335,69.0
369.5671,69.0
369.70087,70.0
369.8346,69.0
369.96832,70.0
370.10205,69.0
370.23575,72.0
370.36945,72.0
370.50314,69.0
370.63684,73.0
370.77048,72.0
370.90417,70.0
371.0378,71.0
371.17145,73.0
371.30505,73.0
371.43866,72.0
371.57227,73.0
371.70584,72.0
371.83942,70.0
371.973,75.0
372.10654,73.0
372.24008,75.0
372.3736,73.0
372.5071,74.0
372.64066,75.0
372.7741,71.0
372.90762,74.0
373.0411,73.0
373.17456,72.0
373.308,75.0
373.44144,70.0
373.5749,73.0
373.70828,71.0
373.84167,71.0
373.97507,72.0
374.10846,69.0
374.24182,73.0
374.37518,71.0
374.5085,73.0
374.64188,71.0
374.77518,73.0
374.9085,72.0
375.0418,68.0
375.1751,73.0
375.30838,70.0
375.44162,71.0
375.5749,70.0
375.70813,70.0
375.84134,71.0
375.97455,69.0
376.10776,70.0
376.24094,70.0
376.3741,67.0
376.5073,70.0
376.64047,72.0
376.7736,69.0
376.90674,73.0
377.03986,72.0
377.17297,72.0
377.30606,71.0
377.43915,74.0
377.5722,73.0
377.70526,72.0
377.83832,73.0
377.97134,74.0
378.10437,74.0
378.2374,74.0
378.3704,73.0
378.50336,75.0
378.63638,73.0
378.76932,74.0
378.90228,75.0
379.0352,75.0
379.16815,76.0
379.30106,77.0
379.43396,75.0
379.56683,71.0
379.6997,74.0
379.83258,75.0
379.96542,76.0
380.09827,74.0
380.23108,74.0
380.3639,76.0
380.4967,72.0
380.62952,73.0
380.76227,73.0
380.89505,73.0
381.02777,74.0
381.16055,75.0
381.29327,74.0
381.426,74.0
381.5587,74.0
381.69138,72.0
381.82407,71.0
381.95673,73.0
382.08936,71.0
382.22202,70.0
382.35464,70.0
382.48724,72.0
382.61984,72.0
382.75244,72.0
382.88504,71.0
383.01758,70.0
383.15015,68.0
383.28268,73.0
383.4152,70.0
383.5477,75.0
383.6802,74.0
383.81268,75.0
383.94516,74.0
384.07764,73.0
384.21008,76.0
384.3425,77.0
384.4749,77.0
384.60733,79.0
384.73972,83.0
384.87213,86.0
385.0045,88.0
385.13687,92.0
385.2692,95.0
385.40155,95.0
385.53384,101.0
385.66617,103.0
385.79846,105.0
385.93073,103.0
386.063,108.0
386.19525,104.0
386.32748,105.0
386.45972,112.0
386.59192,118.0
386.72412,115.0
386.85632,116.0
386.98846,117.0
387.12067,118.0
387.2528,118.0
387.38495,117.0
387.51706,119.0
387.64917,119.0
387.78125,123.0
387.91333,122.0
388.0454,122.0
388.17746,121.0
388.30948,124.0
388.44153,126.0
388.57352,122.0
388.70554,120.0
388.83755,123.0
388.96948,122.0
389.10147,127.0
389.23343,129.0
389.36536,132.0
389.49728,133.0
389.62918,130.0
389.76108,130.0
389.89294,132.0
390.0248,137.0
390.15668,140.0
390.28848,144.0
390.42032,150.0
390.55212,152.0
390.68393,153.0
390.81573,155.0
390.94748,158.0
391.07925,159.0
391.21097,161.0
391.34274,161.0
391.47446,159.0
391.60614,162.0
391.73782,164.0
391.8695,166.0
392.00116,167.0
392.1328,170.0
392.26443,172.0
392.39606,170.0
392.52765,175.0
392.65924,178.0
392.79086,177.0
392.9224,178.0
393.05396,177.0
393.1855,181.0
393.31702,181.0
393.44852,182.0
393.58002,182.0
393.7115,180.0
393.84296,179.0
393.97443,176.0
394.10587,180.0
394.23727,178.0
394.36868,183.0
394.50006,184.0
394.63147,188.0
394.76282,190.0
394.89417,193.0
395.02554,202.0
395.15683,199.0
395.28818,195.0
395.41946,201.0
395.55075,202.0
395.682,205.0
395.81326,206.0
395.94452,207.0
396.07574,211.0
396.20694,204.0
396.33813,201.0
396.46933,204.0
396.6005,205.0
396.73163,205.0
396.86276,207.0
396.99393,213.0
397.125,205.0
397.25613,208.0
397.3872,216.0
397.51828,219.0
397.64932,214.0
397.78036,216.0
397.91138,210.0
398.0424,219.0
398.1734,226.0
398.30438,225.0
398.43533,226.0
398.56628,223.0
398.6972,220.0
398.82816,222.0
398.95908,229.0
399.08994,238.0
399.22086,243.0
399.3517,242.0
399.48254,245.0
399.6134,248.0
399.7442,250.0
399.875,256.0
400.0058,259.0
400.13657,264.0
400.26733,265.0
400.39807,267.0
400.5288,272.0
400.65952,283.0
400.79022,281.0
400.92096,282.0
401.05157,287.0
401.18228,290.0
401.31293,291.0
401.44354,293.0
401.57416,295.0
401.70474,296.0
401.83533,297.0
401.9659,294.0
402.09644,295.0
402.227,287.0
402.3575,278.0
402.488,278.0
402.6185,277.0
402.749,271.0
402.8795,262.0
403.0099,256.0
403.14035,255.0
403.27075,253.0
403.40118,267.0
403.53156,278.0
403.66193,287.0
403.7923,301.0
403.92264,314.0
404.05295,325.0
404.18326,340.0
404.31357,352.0
404.44385,358.0
404.5741,358.0
404.70435,351.0
404.83463,340.0
404.9648,325.0
405.09506,307.0
405.22522,287.0
405.3554,275.0
405.48557,252.0
405.61572,235.0
405.74585,223.0
405.87595,209.0
406.00604,195.0
406.13614,178.0
406.2662,161.0
406.39624,150.0
406.52628,146.0
406.6563,146.0
406.78632,141.0
406.9163,143.0
407.0463,144.0
407.17624,149.0
407.3062,149.0
407.43613,147.0
407.56604,147.0
407.69595,146.0
407.82584,148.0
407.9557,146.0
408.08554,148.0
408.21536,146.0
408.34518,144.0
408.47498,143.0
408.60477,137.0
408.73456,140.0
408.86432,135.0
408.99408,135.0
409.12378,135.0
409.2535,132.0
409.3832,133.0
409.51288,133.0
409.64255,133.0
409.7722,132.0
409.90182,132.0
410.03143,133.0
410.161,135.0
410.29062,136.0
410.42017,139.0
410.5497,142.0
410.67926,139.0
410.80878,138.0
410.93832,144.0
411.06778,145.0
411.19727,142.0
411.32672,144.0
411.45618,146.0
411.5856,147.0
411.715,147.0
411.8444,148.0
411.97375,148.0
412.10312,147.0
412.23248,152.0
412.3618,155.0
412.49112,153.0
412.6204,154.0
412.7497,153.0
412.87897,153.0
413.00818,155.0
413.13745,157.0
413.26663,155.0
413.39587,155.0
413.52505,157.0
413.6542,155.0
413.78336,159.0
413.9125,158.0
414.04163,155.0
414.17072,157.0
414.2998,154.0
414.42886,157.0
414.55792,160.0
414.68695,160.0
414.816,163.0
414.94498,162.0
415.074,161.0
415.20294,161.0
415.3319,156.0
415.46088,164.0
415.58978,161.0
415.7187,164.0
415.84756,167.0
415.97644,168.0
416.10532,162.0
416.23416,170.0
416.36298,168.0
416.49176,168.0
416.62057,171.0
416.74936,170.0
416.8781,169.0
417.00687,176.0
417.13556,172.0
417.2643,174.0
417.393,177.0
417.52167,179.0
417.65033,180.0
417.77896,176.0
417.9076,180.0
418.0362,182.0
418.1648,183.0
418.29337,183.0
418.42194,182.0
418.55048,182.0
418.679,186.0
418.8075,194.0
418.93604,191.0
419.06445,199.0
419.19296,202.0
419.3214,205.0
419.44983,211.0
419.57822,214.0
419.70663,223.0
419.835,229.0
419.96335,231.0
420.09167,239.0
420.22,248.0
420.34833,257.0
420.47662,258.0
420.6049,272.0
420.73315,277.0
420.86142,279.0
420.9896,289.0
421.11783,296.0
421.24603,303.0
421.3742,308.0
421.50235,309.0
421.6305,311.0
421.7586,306.0
421.88672,309.0
422.0148,306.0
422.14288,310.0
422.27094,315.0
422.39896,322.0
422.52698,328.0
422.65497,330.0
422.783,329.0
422.91092,328.0
423.0389,332.0
423.16684,347.0
423.29477,349.0
423.42267,352.0
423.55054,364.0
423.6784,368.0
423.80624,361.0
423.93408,363.0
424.0619,377.0
424.1897,382.0
424.31747,387.0
424.44522,392.0
424.57297,397.0
424.7007,399.0
424.8284,402.0
424.95612,405.0
425.08377,409.0
425.21146,408.0
425.33908,417.0
425.4667,425.0
425.59433,427.0
425.7219,438.0
425.8495,443.0
425.97702,453.0
426.10455,455.0
426.2321,460.0
426.3596,453.0
426.48706,456.0
426.61456,453.0
426.74197,460.0
426.86945,463.0
426.99683,469.0
427.12424,465.0
427.25162,465.0
427.379,468.0
427.50632,477.0
427.63367,473.0
427.76096,479.0
427.88824,483.0
428.01553,491.0
428.1428,496.0
428.27002,506.0
428.39725,514.0
428.52448,517.0
428.6516,519.0
428.7788,522.0
428.90594,532.0
429.0331,539.0
429.16022,543.0
429.2873,548.0
429.4144,545.0
429.54144,544.0
429.6685,549.0
429.7955,551.0
429.92252,548.0
430.0495,551.0
430.17648,556.0
430.30344,566.0
430.43036,564.0
430.55728,568.0
430.6842,573.0
430.81107,572.0
430.93796,576.0
431.06482,575.0
431.19165,575.0
431.31845,583.0
431.44525,600.0
431.57202,609.0
431.69876,616.0
431.8255,636.0
431.95224,642.0
432.07895,654.0
432.20563,657.0
432.33228,667.0
432.45892,682.0
432.5856,701.0
432.7122,718.0
432.8388,726.0
432.9654,740.0
433.09195,742.0
433.21848,741.0
433.345,745.0
433.4715,738.0
433.598,738.0
433.72446,736.0
433.85092,739.0
433.97736,756.0
434.10376,758.0
434.23016,750.0
434.35654,736.0
434.4829,720.0
434.60922,720.0
434.7356,721.0
434.86188,724.0
434.9882,732.0
435.11444,751.0
435.2407,784.0
435.3669,828.0
435.49313,844.0
435.61932,858.0
435.7455,873.0
435.87167,883.0
435.9978,876.0
436.12393,832.0
436.25003,761.0
436.37616,704.0
436.5022,644.0
436.62827,598.0
436.75427,540.0
436.8803,494.0
437.0063,454.0
437.13226,410.0
437.25824,376.0
437.38416,345.0
437.5101,326.0
437.636,312.0
437.76187,299.0
437.88773,295.0
438.01358,294.0
438.1394,286.0
438.26523,291.0
438.391,290.0
438.5168,298.0
438.64252,294.0
438.76828,292.0
438.894,294.0
439.0197,288.0
439.1454,291.0
439.27103,297.0
439.39667,295.0
439.5223,295.0
439.64792,291.0
439.7735,294.0
439.89905,297.0
440.0246,292.0
440.15018,296.0
440.27563,291.0
440.40115,295.0
440.5266,295.0
440.6521,293.0
440.77753,290.0
440.90295,288.0
441.02835,292.0
441.15372,293.0
441.27908,291.0
441.40442,292.0
441.52975,291.0
441.65506,294.0
441.78033,290.0
441.9056,293.0
442.03088,293.0
442.15607,294.0
442.2813,285.0
442.4065,288.0
442.53168,294.0
442.6568,296.0
442.78198,295.0
442.90707,298.0
443.03217,297.0
443.15726,296.0
443.28232,300.0
443.40735,300.0
443.53238,302.0
443.65738,300.0
443.78235,304.0
443.90735,303.0
444.03226,304.0
444.15723,304.0
444.2821,308.0
444.407,306.0
444.53186,303.0
444.65674,307.0
444.78156,313.0
444.90637,312.0
445.03116,313.0
445.15594,315.0
445.2807,312.0
445.40543,308.0
445.53015,313.0
445.65485,316.0
445.77954,313.0
445.90417,314.0
446.02884,319.0
446.15344,318.0
446.27808,312.0
446.40262,314.0
446.5272,314.0
446.65173,310.0
446.77628,315.0
446.9008,317.0
447.02527,316.0
447.14972,317.0
447.27417,315.0
447.3986,316.0
447.523,314.0
447.64743,313.0
447.77176,312.0
447.89615,312.0
448.02045,311.0
448.14478,310.0
448.26904,312.0
448.39334,309.0
448.51758,308.0
448.64185,312.0
448.76605,307.0
448.89026,309.0
449.01443,314.0
449.13858,312.0
449.26273,310.0
449.38684,309.0
449.51096,313.0
449.635,317.0
449.7591,317.0
449.88312,316.0
450.00717,316.0
450.13113,313.0
450.25513,316.0
450.37906,312.0
450.50305,315.0
450.62695,318.0
450.75085,319.0
450.87476,318.0
450.99863,322.0
451.12247,323.0
451.24628,320.0
451.3701,322.0
451.49387,322.0
451.61768,325.0
451.7414,324.0
451.86514,323.0
451.98883,322.0
452.11255,321.0
452.23618,320.0
452.35986,320.0
452.4835,321.0
452.6071,315.0
452.73068,314.0
452.85425,314.0
452.97778,312.0
453.10132,313.0
453.22482,310.0
453.34833,314.0
453.47183,317.0
453.59525,313.0
453.71872,313.0
453.8421,314.0
453.9655,314.0
454.08884,316.0
454.21222,310.0
454.33557,307.0
454.45886,308.0
454.58215,306.0
454.70544,303.0
454.8287,312.0
454.95193,308.0
455.07513,310.0
455.19833,305.0
455.32153,310.0
455.44467,311.0
455.5678,313.0
455.69092,314.0
455.81403,316.0
455.93707,315.0
456.06015,316.0
456.1832,317.0
456.3062,316.0
456.4292,314.0
456.5522,316.0
456.6751,318.0
456.79807,317.0
456.92096,315.0
457.04385,319.0
457.16678,314.0
457.28958,320.0
457.41245,323.0
457.53525,323.0
457.65805,317.0
457.7808,319.0
457.9036,321.0
458.02634,320.0
458.14905,316.0
458.27173,316.0
458.3944,317.0
458.51706,316.0
458.63968,318.0
458.7623,320.0
458.8849,318.0
459.0075,319.0
459.13,314.0
459.2526,312.0
459.37506,312.0
459.4976,313.0
459.62003,314.0
459.7425,315.0
459.8649,315.0
459.98734,314.0
460.10974,306.0
460.23212,315.0
460.35446,311.0
460.47678,308.0
460.5991,307.0
460.72137,308.0
460.8437,306.0
460.9659,309.0
461.08817,306.0
461.21036,304.0
461.33255,304.0
461.4547,308.0
461.57687,307.0
461.69897,309.0
461.8211,306.0
461.9432,303.0
462.06528,302.0
462.18732,301.0
462.30933,302.0
462.43134,304.0
462.5533,301.0
462.6753,302.0
462.79724,298.0
462.9192,304.0
463.04105,302.0
463.16296,297.0
463.2848,307.0
463.40668,298.0
463.52847,301.0
463.6503,301.0
463.77206,300.0
463.89383,300.0
464.01556,306.0
464.1373,300.0
464.259,303.0
464.38068,297.0
464.50232,299.0
464.62396,297.0
464.7456,300.0
464.8672,301.0
464.98877,297.0
465.1103,297.0
465.23187,297.0
465.35336,295.0
465.47488,290.0
465.59634,292.0
465.7178,287.0
465.83923,292.0
465.96063,289.0
466.08203,291.0
466.2034,291.0
466.32474,293.0
466.44608,288.0
466.5674,286.0
466.68866,284.0
466.80997,287.0
466.93118,283.0
467.05243,289.0
467.1736,285.0
467.29483,280.0
467.416,276.0
467.53714,274.0
467.65826,279.0
467.77936,279.0
467.90042,279.0
468.02148,275.0
468.14252,275.0
468.26355,270.0
468.38458,271.0
468.50552,276.0
468.6265,277.0
468.7474,273.0
468.86835,278.0
468.98923,278.0
469.1101,278.0
469.23096,276.0
469.3518,272.0
469.4726,278.0
469.59338,275.0
469.71417,278.0
469.8349,279.0
469.95563,279.0
470.07635,281.0
470.19705,279.0
470.3177,276.0
470.43835,276.0
470.55896,276.0
470.6796,278.0
470.80014,275.0
470.92075,275.0
471.04123,277.0
471.16177,275.0
471.2823,274.0
471.40277,272.0
471.52322,272.0
471.64365,273.0
471.76407,275.0
471.88446,274.0
472.00485,274.0
472.12518,274.0
472.24554,275.0
472.3658,276.0
472.4861,276.0
472.60635,276.0
472.72662,275.0
472.84683,270.0
472.96707,270.0
473.08725,271.0
473.2074,268.0
473.32755,272.0
473.44766,271.0
473.56775,270.0
473.68784,271.0
473.8079,271.0
473.92792,274.0
474.04797,271.0
474.16794,275.0
474.28793,277.0
474.40787,277.0
474.52783,276.0
474.6477,282.0
474.7676,283.0
474.88748,283.0
475.00732,284.0
475.12714,288.0
475.24695,293.0
475.36673,295.0
475.48648,298.0
475.60623,296.0
475.72595,298.0
475.84567,303.0
475.96533,304.0
476.085,306.0
476.2046,314.0
476.32425,319.0
476.44382,316.0
476.56342,317.0
476.68295,323.0
476.8025,329.0
476.922,330.0
477.04147,331.0
477.16095,337.0
477.28036,342.0
477.3998,344.0
477.5192,347.0
477.6386,349.0
477.75793,348.0
477.8773,361.0
477.99658,362.0
478.1159,363.0
478.23514,368.0
478.35443,376.0
478.47366,371.0
478.59286,371.0
478.71204,375.0
478.8312,383.0
478.95035,385.0
479.0695,385.0
479.18857,393.0
479.30768,396.0
479.42676,401.0
479.54575,406.0
479.6648,404.0
479.78375,407.0
479.90277,416.0
480.0217,414.0
480.14066,419.0
480.25955,426.0
480.37845,428.0
480.4973,430.0
480.61615,432.0
480.735,436.0
480.8538,442.0
480.97256,448.0
481.0913,450.0
481.21008,455.0
481.32877,462.0
481.4475,467.0
481.56613,471.0
481.6848,471.0
481.80344,478.0
481.92206,486.0
482.04062,490.0
482.1592,494.0
482.27777,498.0
482.39627,503.0
482.51477,501.0
482.63327,505.0
482.7517,514.0
482.87015,520.0
482.98862,523.0
483.10696,532.0
483.22537,534.0
483.3437,542.0
483.46204,545.0
483.58032,549.0
483.69864,556.0
483.81686,558.0
483.93515,563.0
484.05338,566.0
484.17157,577.0
484.28973,582.0
484.4079,576.0
484.52603,585.0
484.64417,588.0
484.76224,595.0
484.8803,592.0
484.99838,596.0
485.1164,595.0
485.23444,595.0
485.3524,604.0
485.47037,600.0
485.5883,598.0
485.70624,598.0
485.82413,601.0
485.942,604.0
486.05984,602.0
486.17767,602.0
486.2955,602.0
486.41327,599.0
486.53107,595.0
486.6488,592.0
486.76654,595.0
486.88422,591.0
487.00192,590.0
487.11957,588.0
487.2372,577.0
487.3548,574.0
487.47244,568.0
487.59,566.0
487.70755,566.0
487.82507,560.0
487.9426,556.0
488.06006,548.0
488.17755,545.0
488.29498,540.0
488.41238,533.0
488.52982,526.0
488.64716,524.0
488.76456,507.0
488.88187,504.0
488.9992,503.0
489.11646,499.0
489.23376,493.0
489.351,488.0
489.46823,484.0
489.58542,479.0
489.7026,472.0
489.81976,463.0
489.9369,461.0
490.05402,463.0
490.1711,452.0
490.2882,451.0
490.4052,445.0
490.52228,443.0
490.63925,439.0
490.7563,438.0
490.8732,434.0
490.99017,431.0
491.1071,424.0
491.224,425.0
491.34085,423.0
491.4577,418.0
491.57455,416.0
491.69135,409.0
491.80814,398.0
491.9249,399.0
492.0417,398.0
492.15836,400.0
492.2751,399.0
492.39175,392.0
492.50842,389.0
492.62503,382.0
492.74167,387.0
492.85825,382.0
492.97482,376.0
493.09137,370.0
493.2079,375.0
493.3244,363.0
493.4409,364.0
493.55734,360.0
493.67377,352.0
493.79022,348.0
493.9066,349.0
494.02298,344.0
494.13928,342.0
494.25565,340.0
494.37192,339.0
494.48825,329.0
494.60446,328.0
494.72073,326.0
494.83694,323.0
494.95316,319.0
495.06934,320.0
495.1855,320.0
495.3016,315.0
495.4177,308.0
495.53378,310.0
495.64984,303.0
495.76593,297.0
495.88193,297.0
495.99792,292.0
496.1139,287.0
496.22986,285.0
496.34576,282.0
496.4617,280.0
496.57758,280.0
496.69345,280.0
496.8093,282.0
496.9251,278.0
497.04092,275.0
497.15668,275.0
497.27246,271.0
497.38818,273.0
497.5039,277.0
497.61957,275.0
497.73526,269.0
497.8509,267.0
497.96652,266.0
498.0821,268.0
498.19772,266.0
498.31326,266.0
498.4288,263.0
498.5443,259.0
498.6598,259.0
498.77527,260.0
498.89072,258.0
499.00613,260.0
499.12152,257.0
499.23694,257.0
499.35226,253.0
499.46762,248.0
499.58292,251.0
499.69824,247.0
499.81348,246.0
499.92874,245.0
500.04398,244.0
500.15918,243.0
500.27435,239.0
500.3895,239.0
500.50464,235.0
500.61975,235.0
500.73486,234.0
500.8499,233.0
500.965,229.0
501.08,232.0
501.195,231.0
501.30997,228.0
501.42496,224.0
501.53986,223.0
501.65482,224.0
501.76968,221.0
501.88455,224.0
501.99942,224.0
502.11423,223.0
502.22903,223.0
502.3438,217.0
502.4586,219.0
502.5733,221.0
502.68805,221.0
502.80273,224.0
502.91742,221.0
503.03204,224.0
503.1467,222.0
503.26126,223.0
503.3759,225.0
503.49042,224.0
503.60498,221.0
503.71948,229.0
503.83398,229.0
503.94846,228.0
504.0629,225.0
504.1773,225.0
504.29172,228.0
504.40613,225.0
504.52045,229.0
504.63483,232.0
504.7491,231.0
504.86343,231.0
504.97766,233.0
505.09195,234.0
505.20615,230.0
505.32037,233.0
505.43454,233.0
505.5487,231.0
505.66284,237.0
505.77695,239.0
505.89105,238.0
506.00513,239.0
506.11917,238.0
506.2332,233.0
506.34723,231.0
506.46118,233.0
506.57516,231.0
506.68906,232.0
506.803,231.0
506.91687,234.0
507.03076,235.0
507.14462,235.0
507.25845,231.0
507.37225,229.0
507.48602,230.0
507.5998,230.0
507.7135,231.0
507.82724,230.0
507.94092,233.0
508.05463,233.0
508.16824,233.0
508.2819,227.0
508.39545,228.0
508.50906,226.0
508.6226,228.0
508.73615,227.0
508.84967,231.0
508.96317,227.0
509.07663,228.0
509.19006,228.0
509.3035,228.0
509.4169,228.0
509.53027,232.0
509.64362,232.0
509.757,234.0
509.87027,233.0
509.98358,232.0
510.09683,232.0
510.21008,229.0
510.3233,234.0
510.43652,239.0
510.54968,235.0
510.66284,237.0
510.77597,241.0
510.8891,237.0
511.00217,239.0
511.11523,238.0
511.2283,235.0
511.3413,234.0
511.45435,237.0
511.5673,233.0
511.68027,234.0
511.79315,235.0
511.9061,233.0
512.019,232.0
512.13184,235.0
512.2447,231.0
512.35754,230.0
512.47034,224.0
512.58307,224.0
512.69586,224.0
512.8086,221.0
512.92126,225.0
513.03394,225.0
513.14667,221.0
513.2593,217.0
513.37195,219.0
513.4845,222.0
513.5971,224.0
513.7096,224.0
513.82214,226.0
513.93463,224.0
514.0472,224.0
514.1596,224.0
514.27203,224.0
514.38446,226.0
514.4969,226.0
514.60925,225.0
514.7216,225.0
514.8339,223.0
514.9462,227.0
515.05853,226.0
515.1708,227.0
515.283,231.0
515.3952,227.0
515.50745,227.0
515.61957,228.0
515.73175,225.0
515.8439,231.0
515.956,226.0
516.06805,227.0
516.1801,224.0
516.2922,223.0
516.4042,223.0
516.5162,224.0
516.6282,224.0
516.7401,221.0
516.852,221.0
516.9639,217.0
517.0758,213.0
517.1877,215.0
517.2995,215.0
517.4113,214.0
517.52313,214.0
517.6349,211.0
517.74664,211.0
517.85834,207.0
517.9701,206.0
518.0817,207.0
518.1934,206.0
518.30505,208.0
518.4167,206.0
518.5282,210.0
518.63983,207.0
518.75134,205.0
518.8629,205.0
518.97437,201.0
519.0859,206.0
519.1973,201.0
519.3088,204.0
519.42017,206.0
519.53156,202.0
519.64294,203.0
519.7543,200.0
519.8656,203.0
519.97687,201.0
520.0882,200.0
520.1994,205.0
520.31067,201.0
520.4218,203.0
520.5331,200.0
520.64417,202.0
520.7554,198.0
520.86646,197.0
520.9776,198.0
521.0886,196.0
521.1997,198.0
521.3107,199.0
521.42175,202.0
521.5327,198.0
521.6437,195.0
521.75464,195.0
521.86554,197.0
521.97644,193.0
522.0873,196.0
522.1982,199.0
522.30896,196.0
522.4198,191.0
522.5306,192.0
522.64136,191.0
522.7521,190.0
522.8628,191.0
522.9735,192.0
523.08417,191.0
523.1948,192.0
523.3055,192.0
523.4161,192.0
523.5266,184.0
523.6372,190.0
523.74774,186.0
523.8583,191.0
523.96875,191.0
524.0792,188.0
524.18964,195.0
524.3001,187.0
524.4105,185.0
524.5209,184.0
524.6312,183.0
524.7416,187.0
524.85187,186.0
524.96216,181.0
525.07245,183.0
525.1827,185.0
525.29297,181.0
525.40314,182.0
525.5133,182.0
525.6235,184.0
525.73364,179.0
525.8437,181.0
525.9538,183.0
526.0639,180.0
526.17395,181.0
526.28394,175.0
526.3939,178.0
526.5039,179.0
526.6139,180.0
526.7238,180.0
526.83374,182.0
526.94366,187.0
527.05347,181.0
527.1633,182.0
527.27313,180.0
527.383,186.0
527.49274,182.0
527.6025,183.0
527.7122,181.0
527.82196,187.0
527.93164,186.0
528.04126,185.0
528.15094,185.0
528.26056,187.0
528.3701,187.0
528.47974,186.0
528.5893,186.0
528.6988,187.0
528.80835,190.0
528.9178,189.0
529.0273,185.0
529.1367,187.0
529.24615,191.0
529.3555,191.0
529.4649,190.0
529.5743,194.0
529.6836,196.0
529.7929,192.0
529.9022,194.0
530.0115,196.0
530.12067,192.0
530.2299,194.0
530.3391,198.0
530.4483,199.0
530.55743,200.0
530.66656,201.0
530.77563,205.0
530.88477,206.0
530.99384,203.0
531.1029,210.0
531.2119,213.0
531.32086,210.0
531.4299,213.0
531.5388,213.0
531.6477,214.0
531.75665,217.0
531.86554,223.0
531.97437,223.0
532.08325,225.0
532.192,232.0
532.30084,235.0
532.4096,242.0
532.5184,244.0
532.6271,247.0
532.73584,253.0
532.8445,253.0
532.9531,262.0
533.06177,269.0
533.1704,274.0
533.279,277.0
533.3876,281.0
533.49615,288.0
533.6046,293.0
533.7132,297.0
533.82166,304.0
533.9301,309.0
534.0385,321.0
534.147,331.0
534.2553,337.0
534.3637,354.0
534.4721,368.0
534.5804,379.0
534.6887,389.0
534.797,409.0
534.9053,426.0
535.0135,441.0
535.1217,459.0
535.2299,472.0
535.3381,496.0
535.4462,514.0
535.5544,531.0
535.6625,552.0
535.77057,575.0
535.8786,591.0
535.98663,615.0
536.09467,641.0
536.20264,658.0
536.3106,688.0
536.4186,711.0
536.5265,736.0
536.6344,761.0
536.7423,786.0
536.85016,810.0
536.958,842.0
537.0658,865.0
537.17365,896.0
537.2814,925.0
537.38916,947.0
537.4968,975.0
537.60455,1010.0
537.7123,1032.0
537.81995,1048.0
537.92755,1076.0
538.03516,1103.0
538.14276,1133.0
538.2503,1163.0
538.3579,1182.0
538.4654,1216.0
538.57294,1257.0
538.6804,1289.0
538.7879,1332.0
538.89526,1374.0
539.00275,1416.0
539.1101,1456.0
539.2175,1502.0
539.3248,1550.0
539.4322,1594.0
539.5395,1644.0
539.6468,1704.0
539.754,1761.0
539.86127,1819.0
539.9685,1875.0
540.0757,1923.0
540.18286,1972.0
540.29,2031.0
540.39716,2090.0
540.5042,2152.0
540.6113,2202.0
540.7184,2259.0
540.82544,2311.0
540.9325,2353.0
541.0395,2388.0
541.1464,2421.0
541.2534,2449.0
541.36035,2481.0
541.4672,2503.0
541.5741,2536.0
541.68097,2567.0
541.78784,2583.0
541.89465,2587.0
542.00146,2592.0
542.1082,2588.0
542.215,2581.0
542.3217,2575.0
542.42847,2556.0
542.5351,2532.0
542.6418,2495.0
542.7485,2469.0
542.85504,2431.0
542.9616,2410.0
543.06824,2392.0
543.1748,2384.0
543.2813,2385.0
543.3879,2391.0
543.4943,2402.0
543.6008,2409.0
543.7072,2408.0
543.81366,2403.0
543.92004,2406.0
544.0265,2429.0
544.1328,2436.0
544.23914,2463.0
544.34546,2497.0
544.4518,2535.0
544.55804,2556.0
544.6643,2588.0
544.77045,2592.0
544.8767,2618.0
544.9829,2635.0
545.08905,2665.0
545.1952,2683.0
545.3013,2701.0
545.4074,2713.0
545.5135,2736.0
545.61957,2751.0
545.7255,2774.0
545.8316,2781.0
545.9376,2786.0
546.0435,2765.0
546.1494,2741.0
546.2554,2682.0
546.3613,2587.0
546.46716,2458.0
546.573,2332.0
546.67883,2200.0
546.78467,2076.0
546.89044,1959.0
546.9962,1815.0
547.1019,1652.0
547.2077,1491.0
547.31335,1356.0
547.41907,1265.0
547.5247,1192.0
547.6304,1160.0
547.736,1122.0
547.84155,1086.0
547.9471,1049.0
548.0527,1018.0
548.1582,978.0
548.2637,946.0
548.3692,924.0
548.4746,906.0
548.5801,882.0
548.6855,876.0
548.7909,856.0
548.89624,841.0
549.00165,826.0
549.107,801.0
549.2123,781.0
549.3175,766.0
549.4228,740.0
549.5281,729.0
549.6333,712.0
549.73846,697.0
549.8436,676.0
549.94885,659.0
550.05396,637.0
550.15906,622.0
550.26416,606.0
550.36926,593.0
550.47424,581.0
550.5793,570.0
550.68427,555.0
550.7893,540.0
550.8943,523.0
550.9992,512.0
551.10406,502.0
551.209,481.0
551.3139,468.0
551.4187,456.0
551.52356,439.0
551.62836,427.0
551.73315,413.0
551.8379,405.0
551.9427,389.0
552.04736,377.0
552.1521,368.0
552.2567,359.0
552.36145,348.0
552.466,340.0
552.5707,333.0
552.6753,321.0
552.77985,309.0
552.88434,305.0
552.9889,289.0
553.09344,279.0
553.1979,274.0
553.30237,271.0
553.4068,260.0
553.5112,257.0
553.6156,254.0
553.72,254.0
553.82434,244.0
553.9287,247.0
554.033,239.0
554.13727,238.0
554.2415,232.0
554.34576,231.0
554.4501,226.0
554.5542,221.0
554.6584,219.0
554.7626,219.0
554.8667,214.0
554.9708,208.0
555.07495,213.0
555.17896,210.0
555.2831,204.0
555.3871,202.0
555.4911,198.0
555.59503,194.0
555.69904,190.0
555.80304,193.0
555.9069,188.0
556.0108,185.0
556.1147,185.0
556.21857,185.0
556.3224,178.0
556.4262,177.0
556.52997,174.0
556.6338,175.0
556.73755,173.0
556.84125,169.0
556.94495,172.0
557.04865,168.0
557.15234,166.0
557.256,162.0
557.35956,159.0
557.4632,157.0
557.56683,157.0
557.67035,154.0
557.77386,151.0
557.8774,150.0
557.9809,146.0
558.08435,143.0
558.18787,146.0
558.29126,143.0
558.39465,142.0
558.49805,140.0
558.60144,140.0
558.7048,139.0
558.8081,137.0
558.91144,134.0
559.0147,136.0
559.1179,132.0
559.2212,135.0
559.3244,132.0
559.4276,136.0
559.5308,137.0
559.6339,136.0
559.73706,133.0
559.84015,128.0
559.9433,131.0
560.0463,131.0
560.1494,132.0
560.25244,133.0
560.3554,132.0
560.4584,133.0
560.5614,128.0
560.66437,130.0
560.7672,125.0
560.8701,127.0
560.973,129.0
561.0759,128.0
561.1787,129.0
561.28156,129.0
561.38434,129.0
561.4871,130.0
561.58984,129.0
561.6926,127.0
561.7953,130.0
561.898,126.0
562.0007,129.0
562.10333,129.0
562.2059,128.0
562.30853,122.0
562.41113,126.0
562.5137,122.0
562.6163,122.0
562.71875,121.0
562.8213,121.0
562.9237,123.0
563.0262,120.0
563.1286,119.0
563.231,119.0
563.3334,117.0
563.4358,120.0
563.53815,118.0
563.6405,117.0
563.7428,116.0
563.8451,115.0
563.9473,117.0
564.04956,113.0
564.15186,111.0
564.254,112.0
564.3562,109.0
564.4584,114.0
564.56055,111.0
564.6626,114.0
564.7648,111.0
564.8668,114.0
564.9689,108.0
565.0709,106.0
565.1729,110.0
565.2749,109.0
565.3769,109.0
565.4789,108.0
565.5808,111.0
565.6827,111.0
565.7846,108.0
565.8865,109.0
565.9883,109.0
566.09015,106.0
566.19196,112.0
566.29376,110.0
566.3955,110.0
566.49725,112.0
566.59894,114.0
566.7007,112.0
566.8024,113.0
566.90405,114.0
567.0056,111.0
567.1073,111.0
567.2089,112.0
567.3105,116.0
567.41205,113.0
567.51355,110.0
567.6151,113.0
567.71655,111.0
567.81805,110.0
567.9195,111.0
568.02094,111.0
568.1224,111.0
568.22375,109.0
568.3251,109.0
568.4265,107.0
568.52783,108.0
568.62915,109.0
568.73035,109.0
568.83167,108.0
568.933,106.0
569.0341,107.0
569.1354,103.0
569.2365,103.0
569.3377,106.0
569.43884,103.0
569.54,101.0
569.64105,102.0
569.7422,103.0
569.84326,104.0
569.9443,104.0
570.0453,104.0
570.1463,104.0
570.2473,100.0
570.34827,103.0
570.4492,101.0
570.5501,104.0
570.651,104.0
570.7519,104.0
570.8528,104.0
570.95355,104.0
571.0544,103.0
571.15515,105.0
571.256,105.0
571.3567,106.0
571.45746,109.0
571.5582,112.0
571.6589,111.0
571.7595,114.0
571.86017,114.0
571.9609,113.0
572.06146,117.0
572.162,121.0
572.2626,127.0
572.36316,131.0
572.46375,133.0
572.5642,136.0
572.6647,138.0
572.7652,144.0
572.86566,149.0
572.96606,153.0
573.0664,161.0
573.1669,167.0
573.2672,170.0
573.36755,181.0
573.46783,181.0
573.5682,185.0
573.6685,194.0
573.76874,202.0
573.86896,210.0
573.9692,218.0
574.06946,224.0
574.1697,234.0
574.2698,246.0
574.3699,254.0
574.47003,258.0
574.5702,264.0
574.6702,276.0
574.77026,286.0
574.87036,299.0
574.9704,319.0
575.0704,331.0
575.17035,343.0
575.2703,360.0
575.3703,372.0
575.4702,388.0
575.5701,403.0
575.67,427.0
575.76984,446.0
575.86975,460.0
575.96954,480.0
576.0693,495.0
576.1691,512.0
576.2689,528.0
576.3686,548.0
576.4683,562.0
576.56805,571.0
576.6677,567.0
576.7674,569.0
576.867,566.0
576.9666,564.0
577.0663,553.0
577.1659,552.0
577.26544,546.0
577.3649,534.0
577.4645,527.0
577.564,514.0
577.66345,490.0
577.7629,479.0
577.86237,462.0
577.9618,454.0
578.0612,448.0
578.1605,447.0
578.25995,450.0
578.3593,464.0
578.4586,476.0
578.5579,494.0
578.65717,504.0
578.7565,507.0
578.8558,514.0
578.95496,516.0
579.05414,509.0
579.1533,501.0
579.25256,497.0
579.3516,484.0
579.45074,476.0
579.54987,469.0
579.649,453.0
579.74805,443.0
579.84705,421.0
579.9461,410.0
580.04517,392.0
580.14417,384.0
580.2431,379.0
580.342,382.0
580.441,378.0
580.5399,386.0
580.63873,389.0
580.7376,394.0
580.8365,395.0
580.93536,401.0
581.0341,400.0
581.1329,401.0
581.2317,405.0
581.33044,411.0
581.42914,408.0
581.5279,421.0
581.6266,423.0
581.7253,434.0
581.824,440.0
581.92255,445.0
582.0211,456.0
582.11975,460.0
582.2184,468.0
582.3169,474.0
582.4154,476.0
582.514,482.0
582.6125,483.0
582.71094,488.0
582.8093,496.0
582.90784,494.0
583.0063,494.0
583.1047,498.0
583.20306,497.0
583.3014,497.0
583.3998,500.0
583.4981,499.0
583.5964,502.0
583.69464,495.0
583.7929,494.0
583.89124,501.0
583.9894,493.0
584.0876,492.0
584.1858,493.0
584.284,497.0
584.38214,489.0
584.4802,489.0
584.57837,487.0
584.67645,487.0
584.7746,481.0
584.8726,484.0
584.9706,478.0
585.06866,475.0
585.1667,480.0
585.26465,479.0
585.36255,479.0
585.4605,479.0
585.5585,481.0
585.6563,481.0
585.75415,477.0
585.85205,476.0
585.94995,469.0
586.0478,473.0
586.14557,468.0
586.24335,463.0
586.3411,469.0
586.4389,466.0
586.5366,465.0
586.6343,466.0
586.732,463.0
586.8297,464.0
586.9273,466.0
587.0249,472.0
587.12256,466.0
587.22015,461.0
587.31775,456.0
587.4152,440.0
587.5128,435.0
587.61035,430.0
587.7079,418.0
587.80536,406.0
587.9028,401.0
588.00024,392.0
588.0977,376.0
588.19507,366.0
588.2924,357.0
588.38983,350.0
588.4872,341.0
588.58453,330.0
588.68176,323.0
588.7791,318.0
588.8764,315.0
588.97363,315.0
589.0709,312.0
589.1681,320.0
589.2653,312.0
589.36255,320.0
589.45966,319.0
589.55676,322.0
589.65393,325.0
589.75104,327.0
589.8481,324.0
589.9451,333.0
590.04224,339.0
590.1393,342.0
590.23627,342.0
590.3332,350.0
590.43024,350.0
590.5272,362.0
590.62415,364.0
590.72107,371.0
590.81793,378.0
590.91486,382.0
591.0117,388.0
591.1085,394.0
591.2053,400.0
591.3022,402.0
591.399,403.0
591.4957,412.0
591.59247,405.0
591.6892,412.0
591.78595,415.0
591.8826,419.0
591.97925,423.0
592.0759,427.0
592.1726,425.0
592.2693,428.0
592.36584,421.0
592.4624,421.0
592.55896,418.0
592.6556,419.0
592.7521,411.0
592.8486,406.0
592.94507,396.0
593.04156,386.0
593.138,374.0
593.2344,362.0
593.3309,351.0
593.4273,343.0
593.5237,326.0
593.62006,316.0
593.7164,302.0
593.8127,294.0
593.90906,279.0
594.0053,270.0
594.10156,260.0
594.1978,257.0
594.29407,243.0
594.39026,237.0
594.48645,234.0
594.58264,228.0
594.67883,220.0
594.77496,223.0
594.8711,223.0
594.9672,223.0
595.06335,222.0
595.1594,224.0
595.25543,218.0
595.35144,219.0
595.4475,220.0
595.5435,223.0
595.63947,229.0
595.7354,228.0
595.8314,233.0
595.92737,232.0
596.02325,230.0
596.1191,234.0
596.215,235.0
596.3109,238.0
596.4067,241.0
596.50256,243.0
596.5983,248.0
596.69415,251.0
596.7899,252.0
596.8857,259.0
596.9814,258.0
597.0771,261.0
597.17285,262.0
597.2685,262.0
597.3641,268.0
597.4598,277.0
597.5554,275.0
597.651,279.0
597.7466,282.0
597.84216,291.0
597.93774,287.0
598.0333,298.0
598.1288,301.0
598.22424,305.0
598.31976,304.0
598.4153,304.0
598.5107,306.0
598.6061,305.0
598.70154,308.0
598.79694,303.0
598.8923,305.0
598.9876,300.0
599.083,300.0
599.17834,294.0
599.2736,290.0
599.36896,288.0
599.4642,278.0
599.55945,273.0
599.6547,271.0
599.74994,269.0
599.8451,261.0
599.9403,254.0
600.0355,246.0
600.1306,242.0
600.2257,235.0
600.32086,230.0
600.41595,223.0
600.51105,217.0
600.6061,209.0
600.7011,206.0
600.7962,198.0
600.89124,196.0
600.9862,193.0
601.0811,191.0
601.1761,191.0
601.27106,190.0
601.36597,187.0
601.4608,186.0
601.5558,183.0
601.6507,184.0
601.7455,182.0
601.8403,180.0
601.9351,179.0
602.02997,180.0
602.1247,179.0
602.2195,176.0
602.3142,182.0
602.409,182.0
602.5037,176.0
602.5984,183.0
602.69305,183.0
602.7877,184.0
602.88245,183.0
602.97705,185.0
603.0716,187.0
603.1662,185.0
603.26086,185.0
603.35535,187.0
603.4499,186.0
603.54443,191.0
603.639,188.0
603.7335,192.0
603.82794,195.0
603.92236,196.0
604.01685,197.0
604.11127,193.0
604.2057,200.0
604.30005,198.0
604.3944,199.0
604.48883,201.0
604.5831,206.0
604.6774,205.0
604.7717,208.0
604.8661,208.0
604.9603,210.0
605.05457,214.0
605.1488,216.0
605.24304,219.0
605.3373,220.0
605.43146,222.0
605.5256,228.0
605.61975,236.0
605.7139,240.0
605.80804,246.0
605.9021,247.0
605.9962,253.0
606.09033,263.0
606.1843,268.0
606.2783,273.0
606.3724,283.0
606.46643,290.0
606.56036,300.0
606.6544,306.0
606.7483,319.0
606.8423,331.0
606.9362,342.0
607.0301,354.0
607.12396,373.0
607.2179,386.0
607.31177,406.0
607.4056,427.0
607.4993,454.0
607.5932,476.0
607.687,507.0
607.78076,535.0
607.87445,572.0
607.96826,607.0
608.062,660.0
608.15576,694.0
608.2494,751.0
608.343,800.0
608.4367,871.0
608.5304,949.0
608.62396,1031.0
608.7176,1119.0
608.81116,1210.0
608.9048,1287.0
608.9983,1390.0
609.09186,1480.0
609.18536,1578.0
609.27893,1690.0
609.3724,1804.0
609.4658,1905.0
609.5593,2035.0
609.65283,2157.0
609.7463,2264.0
609.83966,2375.0
609.933,2474.0
610.0264,2538.0
610.1198,2603.0
610.21313,2648.0
610.30646,2701.0
610.3998,2731.0
610.4931,2767.0
610.58636,2787.0
610.6796,2818.0
610.7729,2826.0
610.86615,2853.0
610.9594,2860.0
611.05255,2879.0
611.14575,2881.0
611.23895,2894.0
611.33215,2890.0
611.42523,2893.0
611.5183,2878.0
611.61145,2825.0
611.7046,2710.0
611.7976,2504.0
611.8907,2262.0
611.98376,2065.0
612.0768,1921.0
612.1698,1821.0
612.26276,1715.0
612.3558,1622.0
612.4488,1546.0
612.54175,1480.0
612.63464,1425.0
612.72754,1378.0
612.8205,1325.0
612.9134,1294.0
613.0062,1260.0
613.09906,1245.0
613.1919,1217.0
613.2848,1191.0
613.37756,1171.0
613.47034,1145.0
613.5631,1121.0
613.6559,1087.0
613.74866,1060.0
613.8414,1030.0
613.9341,1004.0
614.0268,992.0
614.1195,971.0
614.21216,954.0
614.30475,926.0
614.39746,906.0
614.4901,883.0
614.58264,852.0
614.67523,829.0
614.7678,796.0
614.8604,768.0
614.95294,741.0
615.0454,717.0
615.138,693.0
615.2305,666.0
615.323,643.0
615.41547,621.0
615.5079,599.0
615.60034,581.0
615.6928,565.0
615.78516,548.0
615.8775,529.0
615.9699,512.0
616.0623,494.0
616.15466,477.0
616.24695,471.0
616.3393,460.0
616.43164,446.0
616.52386,437.0
616.6161,425.0
616.7084,418.0
616.80066,406.0
616.89294,398.0
616.9851,390.0
617.0773,380.0
617.1695,384.0
617.26166,377.0
617.35376,374.0
617.44586,366.0
617.538,367.0
617.6302,355.0
617.7222,354.0
617.8143,352.0
617.9064,352.0
617.9984,352.0
618.0905,348.0
618.1825,349.0
618.2744,349.0
618.36646,344.0
618.45844,348.0
618.55035,349.0
618.6423,342.0
618.73425,344.0
618.8262,346.0
618.918,349.0
619.0099,350.0
619.1018,349.0
619.19366,354.0
619.28546,353.0
619.37726,356.0
619.4691,360.0
619.5609,366.0
619.6527,369.0
619.74445,373.0
619.8362,374.0
619.9279,373.0
620.0197,378.0
620.1113,382.0
620.203,379.0
620.29474,388.0
620.3864,387.0
620.478,387.0
620.56964,390.0
620.66125,390.0
620.7529,390.0
620.8445,391.0
620.93604,388.0
621.0276,392.0
621.11914,395.0
621.2107,391.0
621.3022,393.0
621.3937,392.0
621.48517,398.0
621.5767,399.0
621.66815,396.0
621.7595,392.0
621.851,401.0
621.94244,401.0
622.0338,403.0
622.1252,406.0
622.21655,404.0
622.308,408.0
622.39935,404.0
622.4906,408.0
622.5819,411.0
622.6732,411.0
622.7646,414.0
622.85583,417.0
622.947,414.0
623.0383,419.0
623.1296,417.0
623.22076,419.0
623.3119,419.0
623.40314,421.0
623.4943,425.0
623.58545,422.0
623.67664,426.0
623.76776,425.0
623.8589,427.0
623.95,428.0
624.0411,427.0
624.13214,425.0
624.2232,419.0
624.3143,421.0
624.4053,422.0
624.4963,420.0
624.58734,422.0
624.67834,424.0
624.7693,420.0
624.8602,422.0
624.95123,421.0
625.0422,422.0
625.1331,420.0
625.224,423.0
625.3149,423.0
625.40576,418.0
625.4967,419.0
625.5875,425.0
625.6783,424.0
625.76917,424.0
625.86,427.0
625.9508,427.0
626.0415,424.0
626.1323,418.0
626.22314,415.0
626.31384,414.0
626.40454,408.0
626.4953,412.0
626.586,405.0
626.67676,403.0
626.7674,398.0
626.85803,398.0
626.9487,391.0
627.03937,387.0
627.12994,385.0
627.2205,383.0
627.31116,379.0
627.4018,380.0
627.4923,378.0
627.5828,372.0
627.6734,364.0
627.764,366.0
627.8545,364.0
627.945,361.0
628.03546,361.0
628.126,362.0
628.21643,366.0
628.3069,367.0
628.3973,364.0
628.48773,367.0
628.5782,367.0
628.6685,373.0
628.7589,378.0
628.8493,382.0
628.9397,389.0
629.02997,399.0
629.1203,406.0
629.21063,418.0
629.30096,428.0
629.3913,441.0
629.48157,447.0
629.5718,460.0
629.66205,469.0
629.7523,482.0
629.8425,492.0
629.93274,499.0
630.02295,513.0
630.11316,520.0
630.2033,531.0
630.29346,539.0
630.3836,541.0
630.4738,552.0
630.5639,550.0
630.65405,553.0
630.7441,546.0
630.8342,549.0
630.9243,537.0
631.01434,529.0
631.1044,516.0
631.1944,500.0
631.2845,478.0
631.37445,457.0
631.4644,437.0
631.55444,413.0
631.6444,391.0
631.7344,369.0
631.8243,350.0
631.91425,328.0
632.0042,308.0
632.0941,292.0
632.18396,276.0
632.27386,258.0
632.3637,243.0
632.4536,229.0
632.54346,222.0
632.63324,215.0
632.7231,202.0
632.8129,203.0
632.9027,196.0
632.99243,192.0
633.0822,189.0
633.17206,182.0
633.2618,182.0
633.35144,176.0
633.4412,175.0
633.53094,173.0
633.62067,174.0
633.7103,172.0
633.8,169.0
633.88965,171.0
633.9793,170.0
634.0689,167.0
634.1585,169.0
634.24817,166.0
634.33777,168.0
634.42737,165.0
634.5169,167.0
634.6065,166.0
634.69604,161.0
634.78564,166.0
634.8751,162.0
634.9646,160.0
635.05414,161.0
635.1437,161.0
635.2331,163.0
635.3225,159.0
635.41205,158.0
635.50146,159.0
635.5909,157.0
635.6803,157.0
635.7697,154.0
635.85913,154.0
635.9485,154.0
636.03784,152.0
636.1272,150.0
636.2166,146.0
636.30597,144.0
636.39526,146.0
636.4845,143.0
636.57385,144.0
636.66315,144.0
636.75244,145.0
636.8417,140.0
636.9309,141.0
637.0202,140.0
637.1094,137.0
637.1986,136.0
637.28784,142.0
637.3771,138.0
637.4662,138.0
637.5554,137.0
637.64453,138.0
637.7337,132.0
637.8229,134.0
637.912,137.0
638.00104,133.0
638.09015,134.0
638.1793,136.0
638.2684,138.0
638.35736,141.0
638.4465,138.0
638.5355,135.0
638.6245,135.0
638.71356,140.0
638.80255,138.0
638.8916,141.0
638.98065,138.0
639.0696,141.0
639.1585,137.0
639.2475,137.0
639.3365,137.0
639.42535,138.0
639.5142,136.0
639.6032,140.0
639.69214,137.0
639.78094,139.0
639.8698,137.0
639.9587,138.0
640.0476,137.0
640.1364,137.0
640.2253,135.0
640.314,138.0
640.4029,138.0
640.4917,140.0
640.58044,137.0
640.6692,137.0
640.758,134.0
640.8468,136.0
640.9355,138.0
641.02423,136.0
641.113,135.0
641.2017,137.0
641.29034,135.0
641.379,139.0
641.4677,136.0
641.55646,135.0
641.64514,133.0
641.7337,138.0
641.8223,140.0
641.911,142.0
641.99963,138.0
642.0882,137.0
642.17676,135.0
642.2654,138.0
642.35394,137.0
642.4425,136.0
642.531,138.0
642.61957,137.0
642.7081,138.0
642.79663,141.0
642.88513,137.0
642.97363,137.0
643.06213,137.0
643.15063,139.0
643.2391,141.0
643.3275,141.0
643.41595,145.0
643.50446,144.0
643.59283,141.0
643.6812,144.0
643.76965,142.0
643.8581,143.0
643.9464,144.0
644.0347,144.0
644.12317,144.0
644.21155,142.0
644.29987,142.0
644.3882,141.0
644.4765,143.0
644.5648,141.0
644.65314,139.0
644.7414,142.0
644.82965,141.0
644.91797,143.0
645.0062,142.0
645.0944,141.0
645.1827,138.0
645.27094,137.0
645.35913,137.0
645.4473,141.0
645.5355,142.0
645.6237,141.0
645.7119,139.0
645.8001,142.0
645.88824,139.0
645.9764,141.0
646.0645,141.0
646.1527,138.0
646.2408,139.0
646.32886,144.0
646.417,141.0
646.50507,143.0
646.59314,142.0
646.68115,144.0
646.7693,141.0
646.85736,143.0
646.9454,142.0
647.0334,140.0
647.1214,144.0
647.2094,144.0
647.2975,147.0
647.38544,144.0
647.4734,144.0
647.56134,147.0
647.64935,143.0
647.7373,146.0
647.8252,148.0
647.91315,151.0
648.0011,149.0
648.089,148.0
648.1769,150.0
648.2648,148.0
648.35266,151.0
648.4406,153.0
648.52844,151.0
648.6163,154.0
648.7041,154.0
648.792,156.0
648.8798,154.0
648.9676,159.0
649.0554,156.0
649.14325,158.0
649.231,160.0
649.3188,164.0
649.40656,168.0
649.4944,173.0
649.5821,173.0
649.6698,175.0
649.75757,179.0
649.84534,184.0
649.93304,189.0
650.02075,198.0
650.1084,201.0
650.1961,209.0
650.2838,215.0
650.37146,220.0
650.4591,222.0
650.54675,226.0
650.63446,224.0
650.72205,234.0
650.80963,231.0
650.8973,238.0
650.9849,236.0
651.0726,235.0
651.1601,233.0
651.2477,230.0
651.33527,229.0
651.42285,225.0
651.5104,220.0
651.5979,219.0
651.6855,212.0
651.773,212.0
651.86053,202.0
651.948,200.0
652.0355,194.0
652.12305,187.0
652.2105,187.0
652.2979,182.0
652.38544,182.0
652.4729,181.0
652.5604,177.0
652.6478,176.0
652.7352,174.0
652.82263,180.0
652.9101,176.0
652.9975,177.0
653.08484,178.0
653.17224,179.0
653.25964,179.0
653.347,180.0
653.4343,179.0
653.5217,182.0
653.60913,178.0
653.6964,181.0
653.78375,184.0
653.8711,185.0
653.95844,183.0
654.0457,180.0
654.133,177.0
654.2203,174.0
654.30756,175.0
654.3949,176.0
654.4821,172.0
654.56934,170.0
654.6566,168.0
654.7439,167.0
654.83105,162.0
654.9183,164.0
655.0055,156.0
655.0927,156.0
655.18,160.0
655.26715,158.0
655.35425,154.0
655.44147,157.0
655.5287,152.0
655.6158,151.0
655.70294,150.0
655.7901,155.0
655.87726,153.0
655.96436,151.0
656.05145,153.0
656.13855,154.0
656.2257,153.0
656.31274,151.0
656.3999,151.0
656.48694,152.0
656.57404,151.0
656.66113,155.0
656.74817,153.0
656.83514,154.0
656.92224,154.0
657.0093,147.0
657.09625,156.0
657.1833,155.0
657.2703,155.0
657.35736,156.0
657.4443,153.0
657.53125,157.0
657.6183,158.0
657.70526,159.0
657.79224,158.0
657.87915,158.0
657.96606,160.0
658.05304,157.0
658.14,161.0
658.2269,161.0
658.3138,160.0
658.40076,164.0
658.4877,161.0
658.5745,162.0
658.6614,162.0
658.7483,158.0
658.8352,156.0
658.92206,155.0
659.00885,154.0
659.09576,155.0
659.1826,152.0
659.2695,151.0
659.3563,150.0
659.4431,149.0
659.5299,144.0
659.61676,149.0
659.70355,146.0
659.7903,146.0
659.87714,144.0
659.9639,145.0
660.05066,143.0
660.1374,139.0
660.2242,138.0
660.311,141.0
660.39777,139.0
660.48444,140.0
660.57117,139.0
660.6579,140.0
660.7446,138.0
660.8313,135.0
660.918,135.0
661.0047,135.0
661.09143,138.0
661.1781,140.0
661.2648,140.0
661.35144,138.0
661.4381,138.0
661.5248,139.0
661.6114,136.0
661.69806,138.0
661.7847,137.0
661.87134,138.0
661.95795,141.0
662.04456,145.0
662.13116,143.0
662.2178,144.0
662.3044,148.0
662.3909,152.0
662.47754,150.0
662.56415,156.0
662.6507,160.0
662.7372,164.0
662.8238,168.0
662.91034,171.0
662.9969,174.0
663.08344,179.0
663.1699,183.0
663.2565,185.0
663.343,189.0
663.4295,190.0
663.516,197.0
663.60254,195.0
663.689,192.0
663.7755,194.0
663.86194,190.0
663.9484,189.0
664.035,186.0
664.1214,185.0
664.2078,188.0
664.29425,184.0
664.38074,181.0
664.4672,176.0
664.5536,171.0
664.64,171.0
664.72644,167.0
664.81287,164.0
664.89923,161.0
664.9856,159.0
665.072,160.0
665.15845,157.0
665.2448,156.0
665.3312,155.0
665.41754,152.0
665.50397,153.0
665.5903,152.0
665.6766,154.0
665.76294,154.0
665.84937,153.0
665.9357,150.0
666.022,150.0
666.1083,148.0
666.19464,150.0
666.28094,148.0
666.36725,147.0
666.4535,143.0
666.53986,145.0
666.62616,142.0
666.7124,146.0
666.79865,145.0
666.88495,142.0
666.97125,145.0
667.05756,144.0
667.14374,146.0
667.23,147.0
667.3162,149.0
667.4025,145.0
667.4887,140.0
667.5749,144.0
667.66113,140.0
667.7474,142.0
667.83356,142.0
667.91974,141.0
668.006,141.0
668.0922,140.0
668.17834,141.0
668.2645,138.0
668.3507,135.0
668.43695,139.0
668.52313,140.0
668.60925,141.0
668.6954,142.0
668.78156,143.0
668.86774,139.0
668.95386,137.0
669.04,142.0
669.1261,141.0
669.2123,141.0
669.29834,142.0
669.38446,142.0
669.4706,139.0
669.5567,140.0
669.6428,140.0
669.72894,142.0
669.815,140.0
669.9011,143.0
669.9872,141.0
670.07324,142.0
670.1593,145.0
670.24536,144.0
670.3315,142.0
670.4175,142.0
670.50354,146.0
670.5896,142.0
670.67566,145.0
670.76166,144.0
670.84766,144.0
670.9337,143.0
671.0198,142.0
671.10583,140.0
671.19183,142.0
671.27783,142.0
671.36383,143.0
671.4499,144.0
671.5358,145.0
671.62177,144.0
671.7078,144.0
671.7938,141.0
671.87976,140.0
671.9657,144.0
672.0517,142.0
672.1377,139.0
672.22363,142.0
672.30963,143.0
672.3955,144.0
672.4815,141.0
672.56744,141.0
672.6534,140.0
672.73926,139.0
672.82526,141.0
672.9112,143.0
672.9971,142.0
673.08295,141.0
673.1689,141.0
673.2548,140.0
673.3407,138.0
673.4266,142.0
673.5125,141.0
673.59845,142.0
673.6843,140.0
673.7702,140.0
673.856,140.0
673.94196,142.0
674.02783,139.0
674.1137,138.0
674.1995,139.0
674.2854,142.0
674.3713,142.0
674.4571,143.0
674.5429,144.0
674.6288,141.0
674.71466,138.0
674.8005,140.0
674.8862,141.0
674.9721,140.0
675.058,140.0
675.1438,140.0
675.2296,142.0
675.31537,142.0
675.4012,137.0
675.48706,138.0
675.5728,140.0
675.65857,139.0
675.7444,143.0
675.8302,141.0
675.91595,142.0
676.0017,142.0
676.0875,141.0
676.17334,138.0
676.2591,136.0
676.34485,139.0
676.4306,139.0
676.5164,138.0
676.6022,137.0
676.6879,138.0
676.7736,138.0
676.8594,137.0
676.9452,134.0
677.0309,131.0
677.1166,133.0
677.20233,133.0
677.2881,131.0
677.37384,131.0
677.4595,135.0
677.5452,134.0
677.631,134.0
677.71674,132.0
677.8024,133.0
677.8881,135.0
677.9738,132.0
678.0596,132.0
678.1452,133.0
678.2309,136.0
678.3166,131.0
678.40234,136.0
678.488,134.0
678.5736,132.0
678.65936,135.0
678.74506,137.0
678.8307,135.0
678.9164,139.0
679.002,138.0
679.0877,137.0
679.1734,131.0
679.25903,139.0
679.34467,140.0
679.43036,137.0
679.51605,137.0
679.6017,140.0
679.68726,140.0
679.77295,139.0
679.8586,135.0
679.9442,133.0
680.02985,133.0
680.1155,136.0
680.2012,131.0
680.2868,135.0
680.3724,137.0
680.458,135.0
680.54364,135.0
680.6293,132.0
680.71484,134.0
680.8004,135.0
680.88605,134.0
680.9717,135.0
681.05725,135.0
681.1428,136.0
681.22845,135.0
681.3141,134.0
681.39966,131.0
681.4852,132.0
681.57086,134.0
681.65643,134.0
681.74207,135.0
681.82764,135.0
681.91315,135.0
681.9988,138.0
682.08435,134.0
682.1699,136.0
682.25543,136.0
682.34106,136.0
682.42664,138.0
682.5122,137.0
682.5977,138.0
682.6833,137.0
682.76886,141.0
682.8545,138.0
682.94,140.0
683.0255,144.0
683.1111,142.0
683.19666,145.0
683.28217,146.0
683.3677,144.0
683.45325,145.0
683.5388,142.0
683.6243,145.0
683.70984,144.0
683.7954,142.0
683.881,147.0
683.9665,144.0
684.052,145.0
684.1375,142.0
684.2231,142.0
684.30865,142.0
684.3941,139.0
684.4796,141.0
684.5652,140.0
684.6507,144.0
684.7362,146.0
684.82166,142.0
684.9072,142.0
684.99274,136.0
685.07825,143.0
685.1637,137.0
685.24927,139.0
685.3348,139.0
685.4202,139.0
685.5058,137.0
685.59125,138.0
685.67676,138.0
685.76227,134.0
685.8478,134.0
685.9332,137.0
686.01874,137.0
686.10425,136.0
686.1897,134.0
686.2752,134.0
686.3607,133.0
686.4462,131.0
686.5317,132.0
686.6171,130.0
686.70264,134.0
686.78815,134.0
686.87366,132.0
686.9591,135.0
687.04456,134.0
687.13007,134.0
687.2156,135.0
687.301,135.0
687.3864,136.0
687.4719,138.0
687.55743,136.0
687.6429,138.0
687.72833,137.0
687.81384,138.0
687.8993,135.0
687.98474,138.0
688.0702,138.0
688.1557,139.0
688.24115,139.0
688.32666,141.0
688.4121,139.0
688.4975,140.0
688.583,141.0
688.6685,140.0
688.75397,138.0
688.83936,143.0
688.92487,139.0
689.0103,142.0
689.09576,143.0
689.1812,146.0
689.26666,143.0
689.3522,141.0
689.4376,142.0
689.5231,139.0
689.60846,141.0
689.694,144.0
689.7795,140.0
689.86487,147.0
689.9503,144.0
690.03577,146.0
690.1213,145.0
690.20667,146.0
690.2921,149.0
690.37756,154.0
690.4631,150.0
690.54846,156.0
690.63385,155.0
690.71936,157.0
690.8048,158.0
690.8903,163.0
690.9757,166.0
691.06116,168.0
691.1466,169.0
691.2321,174.0
691.3175,176.0
691.4029,178.0
691.4884,179.0
691.57385,183.0
691.6593,178.0
691.7447,186.0
null
null
null
null
null
null
null
null
null
null
null
null
null
null
null
null
null
null
null
null
null
