	file1	file2
-146.20303	2061	2066
-145.79652	2060	2063
-145.39003	2056	2059
-144.98354	2060	2062
-144.57703	2059	2063
-144.17053	2062	2056
-143.76402	2062	2062
-143.35751	2061	2062
-142.95102	2062	2070
-142.54453	2057	2064
-142.13802	2056	2064
-141.73152	2060	2066
-141.32503	2060	2066
-140.91852	2061	2063
-140.51202	2060	2066
-140.10553	2058	2068
-139.69904	2069	2067
-139.29253	2061	2069
-138.88605	2061	2066
-138.47955	2056	2061
-138.07304	2059	2066
-137.66655	2063	2062
-137.26007	2059	2064
-136.85358	2061	2062
-136.44708	2060	2062
-136.0406	2056	2064
-135.63411	2057	2064
-135.22762	2058	2067
-134.82114	2060	2067
-134.41464	2063	2075
-134.00816	2075	2084
-133.60168	2078	2089
-133.1952	2079	2099
-132.78871	2085	2103
-132.38223	2080	2097
-131.97577	2079	2094
-131.56929	2079	2094
-131.16281	2077	2095
-130.75635	2082	2095
-130.34987	2081	2097
-129.94339	2079	2094
-129.53693	2089	2102
-129.13046	2076	2105
-128.724	2078	2102
-128.31754	2081	2107
-127.91107	2078	2107
-127.50461	2081	2106
-127.09816	2088	2101
-126.6917	2084	2103
-126.28524	2082	2109
-125.878784	2093	2102
-125.47235	2086	2105
-125.065895	2078	2097
-124.659454	2078	2100
-124.253006	2076	2098
-123.846565	2081	2100
-123.440125	2078	2101
-123.03369	2080	2102
-122.62726	2084	2103
-122.220825	2076	2105
-121.8144	2080	2108
-121.407974	2078	2116
-121.00154	2083	2111
-120.59512	2077	2109
-120.188705	2075	2104
-119.78229	2076	2114
-119.37588	2085	2108
-118.96946	2079	2116
-118.56306	2074	2108
-118.15665	2082	2106
-117.750244	2080	2098
-117.34385	2079	2096
-116.93745	2081	2097
-116.53105	2084	2093
-116.124664	2081	2093
-115.71828	2082	2095
-115.31189	2084	2096
-114.90551	2080	2095
-114.49913	2085	2097
-114.09276	2085	2099
-113.686386	2085	2097
-113.280014	2089	2095
-112.87364	2090	2097
-112.467285	2087	2104
-112.06093	2100	2095
-111.65457	2089	2097
-111.24822	2090	2103
-110.84187	2088	2093
-110.435524	2091	2102
-110.02919	2095	2096
-109.62285	2097	2101
-109.216515	2096	2094
-108.81019	2100	2097
-108.40386	2095	2094
-107.997536	2094	2094
-107.59121	2094	2100
-107.1849	2102	2097
-106.778595	2097	2090
-106.37228	2103	2091
-105.96598	2097	2093
-105.559685	2106	2101
-105.15338	2107	2099
-104.74709	2107	2104
-104.34081	2101	2102
-103.934525	2100	2101
-103.52825	2103	2106
-103.12198	2106	2112
-102.715706	2111	2105
-102.30943	2107	2103
-101.90318	2105	2103
-101.496925	2103	2106
-101.09067	2105	2114
-100.684425	2114	2109
-100.27818	2110	2116
-99.87194	2108	2102
-99.46571	2107	2103
-99.05949	2119	2105
-98.65326	2108	2111
-98.24704	2114	2111
-97.84083	2110	2100
-97.434616	2111	2106
-97.02841	2110	2097
-96.62222	2113	2095
-96.21602	2116	2095
-95.80983	2119	2092
-95.40365	2115	2095
-94.99747	2122	2095
-94.59129	2114	2098
-94.18513	2117	2107
-93.77896	2120	2108
-93.3728	2122	2102
-92.96665	2121	2097
-92.56051	2122	2099
-92.15436	2121	2098
-91.74822	2126	2102
-91.3421	2127	2100
-90.93597	2125	2100
-90.52985	2125	2102
-90.12373	2125	2099
-89.71763	2123	2094
-89.311516	2133	2100
-88.905426	2143	2102
-88.49934	2133	2107
-88.09325	2132	2097
-87.687164	2131	2106
-87.2811	2132	2107
-86.87502	2133	2106
-86.468956	2135	2107
-86.06291	2138	2096
-85.65685	2134	2091
-85.25081	2133	2093
-84.84477	2133	2095
-84.43874	2137	2095
-84.032715	2134	2102
-83.62669	2127	2098
-83.22069	2127	2099
-82.814674	2131	2102
-82.408676	2136	2100
-82.002686	2139	2105
-81.596695	2128	2097
-81.19072	2131	2097
-80.784744	2128	2099
-80.37878	2130	2098
-79.97281	2132	2099
-79.56686	2133	2098
-79.16091	2131	2097
-78.75497	2137	2099
-78.34904	2132	2097
-77.94311	2132	2102
-77.537186	2137	2100
-77.13127	2135	2101
-76.72537	2135	2095
-76.319466	2129	2098
-75.913574	2129	2098
-75.5077	2138	2095
-75.101814	2141	2093
-74.69594	2138	2099
-74.29008	2130	2095
-73.884224	2136	2097
-73.47837	2138	2097
-73.072525	2141	2099
-72.666695	2143	2099
-72.260864	2145	2099
-71.85505	2145	2100
-71.449234	2148	2099
-71.04343	2151	2102
-70.637634	2151	2107
-70.23184	2146	2109
-69.82606	2145	2107
-69.42029	2144	2100
-69.01452	2147	2107
-68.608765	2155	2108
-68.203	2150	2106
-67.797264	2150	2103
-67.39153	2155	2101
-66.985794	2148	2102
-66.58008	2158	2105
-66.17437	2158	2108
-65.76867	2158	2106
-65.362976	2159	2092
-64.95728	2159	2097
-64.551605	2150	2095
-64.145935	2156	2097
-63.74027	2162	2103
-63.334618	2160	2105
-62.928974	2152	2100
-62.52333	2157	2100
-62.117706	2158	2102
-61.712082	2169	2101
-61.30647	2166	2096
-60.90087	2157	2096
-60.49527	2164	2106
-60.089684	2159	2104
-59.6841	2161	2104
-59.278534	2163	2104
-58.87298	2166	2098
-58.467422	2175	2099
-58.061882	2164	2101
-57.65635	2159	2099
-57.25082	2164	2104
-56.845306	2175	2104
-56.439796	2168	2103
-56.034298	2174	2102
-55.628815	2171	2090
-55.223328	2174	2095
-54.81786	2171	2098
-54.41239	2183	2101
-54.006943	2183	2102
-53.6015	2183	2099
-53.196064	2177	2097
-52.79064	2184	2097
-52.385227	2186	2099
-51.97982	2188	2099
-51.574425	2189	2096
-51.169033	2190	2095
-50.763657	2192	2094
-50.35829	2195	2100
-49.95293	2200	2099
-49.547585	2194	2101
-49.14225	2196	2086
-48.736916	2198	2094
-48.331596	2207	2094
-47.926285	2208	2100
-47.52099	2207	2097
-47.1157	2200	2095
-46.710415	2199	2101
-46.30515	2210	2097
-45.899883	2202	2100
-45.494637	2213	2099
-45.0894	2214	2094
-44.684166	2216	2099
-44.27895	2215	2099
-43.87374	2215	2097
-43.468536	2215	2102
-43.063354	2222	2102
-42.65817	2222	2102
-42.253006	2224	2102
-41.84785	2223	2099
-41.442696	2223	2102
-41.037563	2222	2107
-40.632435	2227	2105
-40.22732	2227	2107
-39.82222	2228	2107
-39.41712	2226	2105
-39.01204	2226	2106
-38.606968	2224	2107
-38.201904	2239	2109
-37.796856	2232	2108
-37.391808	2232	2108
-36.986782	2234	2106
-36.581768	2237	2110
-36.176754	2241	2107
-35.77176	2240	2116
-35.366768	2244	2110
-34.9618	2240	2099
-34.55684	2248	2097
-34.151882	2253	2108
-33.746944	2251	2102
-33.34202	2249	2107
-32.937096	2251	2103
-32.53219	2248	2099
-32.127293	2246	2098
-31.72241	2259	2099
-31.31754	2262	2102
-30.912674	2256	2097
-30.507828	2257	2095
-30.102993	2260	2098
-29.698162	2260	2104
-29.29335	2269	2099
-28.888542	2268	2094
-28.483753	2264	2093
-28.078978	2272	2092
-27.674204	2267	2093
-27.269451	2275	2094
-26.8647	2277	2096
-26.459972	2275	2094
-26.055256	2281	2099
-25.650543	2276	2095
-25.24585	2273	2101
-24.84117	2274	2098
-24.436491	2278	2101
-24.031836	2278	2095
-23.627184	2284	2094
-23.222553	2272	2093
-22.81793	2275	2097
-22.413315	2287	2102
-22.00872	2279	2107
-21.60413	2280	2100
-21.19956	2280	2093
-20.795002	2275	2097
-20.39045	2285	2100
-19.985916	2287	2100
-19.581394	2284	2096
-19.17688	2285	2095
-18.772385	2285	2097
-18.367895	2285	2095
-17.963427	2290	2099
-17.558971	2286	2102
-17.15452	2286	2098
-16.750088	2287	2099
-16.34567	2291	2098
-15.941257	2291	2102
-15.536865	2293	2103
-15.132479	2288	2109
-14.728111	2287	2106
-14.323761	2287	2106
-13.9194145	2293	2106
-13.515087	2288	2109
-13.110765	2295	2107
-12.706467	2288	2100
-12.302179	2289	2096
-11.897898	2286	2096
-11.493639	2292	2093
-11.089394	2296	2097
-10.685154	2293	2096
-10.280933	2284	2092
-9.8767185	2293	2096
-9.472528	2291	2090
-9.068348	2294	2093
-8.664177	2299	2091
-8.260025	2300	2094
-7.8558826	2295	2088
-7.4517574	2301	2097
-7.0476475	2292	2090
-6.6435432	2302	2096
-6.239462	2303	2094
-5.835392	2299	2096
-5.4313316	2304	2092
-5.0272923	2305	2094
-4.6232586	2302	2095
-4.219246	2306	2095
-3.8152485	2302	2098
-3.4112568	2300	2097
-3.007288	2303	2096
-2.6033268	2300	2101
-2.1993847	2304	2104
-1.7954597	2303	2107
-1.3915386	2299	2104
-0.9876423	2300	2102
-0.5837593	2297	2099
-0.17988396	2295	2093
0.22397232	2300	2099
0.62781906	2298	2097
1.0316448	2293	2096
1.4354534	2290	2101
1.8392506	2291	2107
2.2430382	2303	2106
2.6468124	2296	2112
3.0505562	2293	2108
3.4543	2298	2102
3.8580284	2298	2104
4.2617435	2295	2106
4.6654263	2303	2108
5.069111	2301	2105
5.47278	2299	2108
5.876419	2298	2096
6.28006	2298	2097
6.6836815	2294	2093
7.0872765	2299	2098
7.4908676	2299	2093
7.894449	2303	2091
8.297995	2296	2093
8.701542	2301	2091
9.105074	2304	2094
9.508591	2297	2096
9.912075	2300	2094
10.315563	2303	2097
10.719032	2301	2099
11.122473	2299	2098
11.525911	2303	2094
11.929335	2308	2096
12.332727	2311	2094
12.73612	2303	2097
13.139494	2302	2089
13.542841	2306	2096
13.946184	2307	2101
14.349512	2308	2097
14.75281	2305	2098
15.156105	2306	2099
15.559387	2309	2095
15.96265	2311	2098
16.365885	2309	2095
16.769115	2310	2098
17.172333	2309	2090
17.575516	2306	2100
17.9787	2306	2101
18.381868	2307	2104
18.785006	2309	2103
19.188139	2306	2109
19.591257	2305	2102
19.994343	2298	2104
20.397429	2301	2106
20.800497	2310	2104
21.20355	2309	2101
21.606571	2305	2098
22.009588	2309	2103
22.412592	2307	2103
22.815563	2306	2109
23.21853	2305	2107
23.621485	2303	2105
24.024405	2299	2109
24.427322	2303	2108
24.830225	2304	2113
25.233091	2303	2110
25.63596	2305	2100
26.03881	2304	2115
26.441645	2304	2110
26.844446	2298	2105
27.247246	2302	2105
27.650028	2306	2105
28.05278	2305	2099
28.455526	2303	2098
28.858257	2305	2098
29.260954	2302	2095
29.66365	2307	2093
30.06633	2302	2095
30.468973	2304	2096
30.871618	2305	2095
31.274242	2304	2100
31.676851	2307	2102
32.07943	2308	2108
32.482002	2310	2107
32.884556	2314	2108
33.28708	2307	2104
33.689598	2309	2099
34.092102	2308	2105
34.49457	2318	2104
34.897038	2315	2100
35.299484	2311	2094
35.701904	2310	2096
36.104317	2308	2106
36.50671	2309	2106
36.90909	2310	2107
37.31143	2310	2108
37.713768	2310	2107
38.116096	2312	2105
38.518383	2314	2108
38.92067	2321	2105
39.322937	2317	2100
39.72517	2311	2098
40.127403	2310	2102
40.529617	2308	2096
40.931797	2313	2101
41.33397	2311	2106
41.73613	2317	2100
42.138268	2311	2097
42.540375	2314	2098
42.942474	2307	2103
43.34456	2310	2099
43.746605	2307	2103
44.14865	2312	2102
44.55068	2308	2101
44.95267	2305	2098
45.35466	2303	2104
45.75663	2312	2109
46.15857	2316	2107
46.5605	2309	2108
46.962414	2310	2097
47.36429	2310	2097
47.766167	2310	2095
48.168022	2319	2096
48.569862	2311	2100
48.971664	2313	2093
49.373463	2320	2094
49.77524	2317	2093
50.176987	2313	2095
50.578728	2325	2095
50.98045	2315	2098
51.382137	2311	2091
51.78382	2307	2091
52.185482	2313	2089
52.587112	2312	2093
52.98873	2319	2099
53.390343	2310	2096
53.791924	2311	2092
54.193474	2314	2091
54.59502	2307	2090
54.996544	2315	2099
55.398037	2320	2093
55.799522	2311	2094
56.20099	2315	2095
56.602417	2312	2095
57.00385	2309	2095
57.405254	2314	2108
57.806625	2311	2098
58.207993	2311	2101
58.609337	2313	2096
59.010666	2309	2098
59.411957	2314	2109
59.81324	2320	2103
60.214508	2317	2109
60.615738	2311	2110
61.016964	2312	2102
61.418167	2309	2114
61.81934	2311	2101
62.220505	2311	2109
62.621647	2317	2103
63.022755	2309	2106
63.42386	2309	2107
63.824936	2310	2114
64.226	2310	2115
64.62703	2315	2110
65.028046	2311	2106
65.42905	2313	2108
65.83001	2312	2100
66.23097	2320	2102
66.631905	2325	2107
67.03281	2313	2108
67.4337	2307	2110
67.83458	2309	2105
68.23541	2308	2109
68.636246	2314	2111
69.03706	2315	2096
69.43785	2320	2097
69.83861	2320	2099
70.23935	2314	2095
70.640076	2314	2104
71.04077	2316	2098
71.44145	2318	2099
71.84212	2307	2092
72.242744	2313	2101
72.643364	2311	2103
73.04396	2312	2107
73.44453	2317	2099
73.845085	2321	2106
74.24562	2316	2097
74.64613	2318	2096
75.04661	2319	2095
75.44708	2318	2099
75.84753	2321	2096
76.24794	2325	2098
76.648346	2327	2091
77.04872	2318	2097
77.44907	2316	2097
77.84941	2314	2100
78.249725	2319	2099
78.65001	2317	2097
79.050285	2317	2095
79.45054	2315	2095
79.85075	2326	2100
80.25096	2324	2103
80.65114	2322	2104
81.05131	2310	2103
81.45143	2310	2100
81.85155	2311	2102
82.25165	2312	2108
82.65171	2321	2107
83.05176	2310	2111
83.45179	2316	2105
83.85178	2312	2103
84.25177	2320	2106
84.65173	2322	2100
85.05166	2320	2103
85.45158	2311	2096
85.85147	2313	2095
86.25134	2315	2094
86.65118	2320	2100
87.051	2311	2099
87.450806	2312	2105
87.85057	2310	2100
88.250336	2312	2098
88.65007	2311	2094
89.04977	2320	2100
89.449455	2324	2103
89.84912	2317	2107
90.24875	2315	2103
90.64838	2315	2100
91.04797	2313	2099
91.44755	2318	2100
91.84709	2316	2104
92.24661	2320	2097
92.64612	2319	2103
93.045586	2315	2102
93.44505	2321	2103
93.84448	2321	2107
94.24388	2322	2116
94.64327	2323	2115
95.04264	2318	2106
95.44197	2317	2108
95.841286	2321	2104
96.24058	2327	2101
96.639854	2325	2097
97.039085	2321	2091
97.43831	2323	2095
97.83751	2320	2094
98.23668	2317	2100
98.635826	2318	2102
99.03496	2319	2097
99.43405	2321	2095
99.83313	2323	2097
100.23219	2317	2101
100.63121	2319	2107
101.03022	2316	2108
101.42921	2310	2110
101.82817	2313	2099
102.2271	2308	2105
102.62601	2320	2104
103.0249	2317	2104
103.42375	2317	2096
103.82259	2315	2097
104.221405	2309	2099
104.62019	2313	2100
105.01895	2323	2107
105.41771	2317	2103
105.81641	2320	2097
106.2151	2320	2100
106.61378	2322	2102
107.01243	2329	2101
107.41103	2329	2104
107.80963	2320	2113
108.208206	2315	2114
108.60674	2313	2107
109.005264	2315	2114
109.40377	2317	2110
109.80223	2318	2100
110.200676	2309	2100
110.599106	2314	2100
110.9975	2310	2099
111.39587	2316	2097
111.79422	2318	2107
112.192535	2321	2102
112.590836	2323	2097
112.989105	2321	2101
113.38736	2317	2093
113.78557	2329	2096
114.18378	2327	2093
114.581955	2324	2095
114.98009	2314	2093
115.37821	2316	2091
115.776306	2317	2089
116.17438	2323	2100
116.57242	2327	2097
116.97044	2324	2098
117.36842	2320	2101
117.7664	2326	2106
118.16435	2320	2108
118.56227	2325	2111
118.96016	2321	2104
119.35803	2321	2105
119.755875	2317	2099
120.15369	2315	2104
120.55148	2323	2104
120.94925	2329	2103
121.34698	2318	2105
121.7447	2311	2098
122.14239	2313	2100
122.54004	2323	2094
122.93768	2326	2100
123.3353	2319	2098
123.73288	2316	2100
124.13043	2315	2099
124.52797	2309	2094
124.92548	2310	2099
125.32295	2318	2095
125.72041	2316	2097
126.11784	2314	2094
126.515236	2310	2090
126.91261	2308	2096
127.30997	2315	2100
127.707275	2314	2105
128.10458	2321	2108
128.50186	2321	2110
128.89911	2319	2097
129.29631	2320	2108
129.69351	2333	2107
130.09067	2327	2100
130.4878	2330	2096
130.88492	2320	2098
131.28201	2316	2104
131.67906	2319	2105
132.0761	2326	2106
132.47311	2324	2102
132.87007	2314	2095
133.26703	2317	2095
133.66396	2321	2093
134.06085	2319	2099
134.45773	2327	2100
134.85457	2318	2101
135.2514	2316	2098
135.64818	2314	2099
136.04495	2314	2098
136.44168	2321	2099
136.83838	2325	2097
137.23508	2323	2099
137.63174	2321	2095
138.02835	2309	2099
138.42496	2324	2106
138.82153	2322	2099
139.21808	2325	2102
139.6146	2317	2088
140.01108	2321	2096
140.40756	2321	2096
140.80399	2321	2098
141.20041	2325	2095
141.59679	2322	2096
141.99313	2313	2096
142.38947	2324	2100
142.78577	2312	2106
143.18204	2325	2104
143.57828	2323	2097
143.9745	2312	2099
144.3707	2316	2102
144.76685	2309	2099
145.163	2310	2109
145.5591	2318	2104
145.95517	2317	2103
146.35123	2311	2100
146.74725	2312	2096
147.14323	2315	2098
147.5392	2309	2105
147.93513	2317	2108
148.33105	2307	2102
148.72693	2311	2099
149.12277	2315	2098
149.51862	2308	2097
149.91441	2314	2096
150.31017	2312	2097
150.70593	2311	2098
151.10164	2316	2095
151.49731	2314	2093
151.89297	2313	2095
152.2886	2316	2095
152.68423	2318	2094
153.07979	2312	2085
153.47531	2315	2091
153.87085	2311	2089
154.26633	2316	2095
154.66177	2325	2095
155.05722	2317	2099
155.45262	2316	2097
155.84798	2316	2097
156.24335	2317	2096
156.63864	2322	2095
157.03392	2323	2097
157.4292	2321	2090
157.82442	2317	2093
158.2196	2317	2096
158.61479	2318	2096
159.00992	2326	2100
159.40503	2327	2098
159.80014	2322	2100
160.19518	2324	2096
160.59018	2320	2102
160.9852	2320	2100
161.38016	2329	2099
161.77509	2323	2109
162.17001	2325	2103
162.5649	2318	2101
162.95976	2316	2102
163.35458	2313	2109
163.74936	2317	2109
164.14413	2316	2105
164.53886	2318	2097
164.93356	2316	2095
165.32825	2318	2096
165.72289	2317	2100
166.1175	2325	2106
166.5121	2313	2097
166.90665	2323	2107
167.30116	2309	2101
167.69568	2318	2112
168.09013	2324	2107
168.48456	2323	2109
168.879	2316	2106
169.27336	2315	2099
169.6677	2309	2098
170.06204	2318	2099
170.45631	2312	2097
170.85057	2317	2096
171.24481	2320	2091
171.639	2313	2096
172.03316	2314	2092
172.42732	2318	2099
172.82143	2326	2094
173.21548	2312	2096
173.60956	2315	2095
174.00357	2320	2090
174.39758	2323	2093
174.79153	2325	2095
175.18544	2315	2094
175.57936	2318	2087
175.97322	2320	2085
176.36705	2319	2085
176.76088	2328	2095
177.15463	2327	2088
177.54837	2322	2093
177.94211	2324	2097
178.33578	2326	2097
178.72943	2327	2101
179.12308	2327	2098
179.51666	2325	2102
179.91022	2327	2090
180.30377	2317	2096
180.69727	2315	2094
181.09073	2325	2097
181.48419	2316	2099
181.87758	2325	2102
182.27095	2311	2103
182.66432	2316	2100
183.05762	2313	2102
183.4509	2319	2104
183.84418	2321	2102
184.2374	2320	2104
184.6306	2316	2100
185.02376	2324	2095
185.41689	2321	2097
185.81	2323	2099
186.20306	2317	2101
186.59608	2316	2099
186.9891	2316	2095
187.38208	2315	2099
187.77502	2314	2107
188.16794	2324	2107
188.56082	2314	2105
188.95366	2310	2098
189.3465	2310	2097
189.73927	2316	2105
190.13202	2315	2107
190.52477	2321	2096
190.91745	2310	2090
191.3101	2317	2093
191.70276	2316	2091
192.09534	2321	2094
192.4879	2318	2090
192.88046	2317	2094
193.27295	2310	2088
193.6654	2317	2096
194.05788	2320	2094
194.45027	2325	2098
194.84267	2323	2097
195.23502	2328	2109
195.6273	2315	2107
196.01962	2321	2106
196.41185	2320	2106
196.80406	2324	2103
197.19626	2329	2102
197.58841	2328	2098
197.98053	2322	2092
198.37263	2316	2099
198.76468	2323	2095
199.1567	2326	2099
199.5487	2331	2098
199.94066	2316	2097
200.33258	2317	2095
200.7245	2321	2099
201.11635	2323	2107
201.50818	2327	2106
201.9	2321	2108
202.29175	2322	2107
202.68347	2311	2107
203.0752	2319	2106
203.46686	2322	2107
203.85849	2327	2105
204.2501	2320	2105
204.64168	2322	2102
205.0332	2312	2102
205.42473	2320	2113
205.8162	2318	2110
206.20766	2312	2105
206.59906	2312	2100
206.99042	2312	2099
207.38179	2313	2104
207.7731	2317	2103
208.16437	2319	2110
208.55563	2318	2101
208.94684	2310	2095
209.338	2312	2097
209.72917	2316	2098
210.12027	2323	2100
210.51135	2321	2093
210.9024	2323	2093
211.29341	2319	2094
211.68439	2316	2096
212.07536	2320	2093
212.46626	2321	2091
212.85713	2319	2098
213.248	2323	2095
213.63881	2321	2092
214.02959	2321	2090
214.42035	2320	2095
214.81107	2323	2099
215.20172	2318	2096
215.5924	2322	2096
215.983	2321	2096
216.37361	2318	2096
216.76414	2324	2097
217.15466	2329	2097
217.54517	2325	2091
217.9356	2323	2095
218.326	2321	2091
218.7164	2318	2092
219.10675	2318	2096
219.49704	2320	2095
219.88734	2323	2088
220.27759	2323	2091
220.66779	2315	2092
221.05798	2328	2099
221.44812	2323	2099
221.83823	2318	2106
222.22833	2315	2100
222.61836	2313	2099
223.00836	2320	2099
223.39835	2327	2107
223.78828	2327	2097
224.17819	2323	2099
224.56808	2321	2099
224.95792	2317	2102
225.34772	2321	2101
225.73749	2327	2109
226.12723	2318	2103
226.51695	2313	2109
226.9066	2315	2104
227.29623	2316	2106
227.68585	2317	2112
228.07541	2318	2111
228.46494	2308	2116
228.85445	2317	2114
229.2439	2310	2107
229.63332	2309	2104
230.02274	2308	2103
230.41208	2311	2101
230.8014	2320	2097
231.1907	2320	2103
231.57996	2311	2095
231.96918	2319	2094
232.35838	2317	2099
232.74753	2324	2096
233.13663	2323	2095
233.52574	2317	2091
233.91478	2324	2088
234.30377	2331	2098
234.69278	2332	2098
235.08171	2325	2099
235.47061	2324	2098
235.85951	2319	2099
236.24834	2317	2100
236.63713	2326	2100
237.02592	2322	2097
237.41464	2319	2099
237.80336	2321	2099
238.19202	2321	2106
238.58064	2317	2108
238.96925	2323	2110
239.3578	2322	2112
239.74632	2315	2107
240.13483	2320	2101
240.52327	2325	2104
240.91168	2329	2102
241.30008	2333	2097
241.68843	2320	2097
242.07674	2321	2100
242.46503	2313	2099
242.85326	2315	2097
243.24146	2324	2099
243.62965	2331	2097
244.01778	2320	2098
244.40587	2324	2101
244.79395	2310	2097
245.18198	2313	2097
245.56996	2316	2099
245.95793	2318	2111
246.34586	2319	2101
246.73373	2324	2103
247.1216	2321	2106
247.5094	2323	2108
247.8972	2327	2107
248.28494	2318	2109
248.67264	2309	2102
249.06033	2312	2098
249.44797	2311	2089
249.83556	2316	2100
250.22314	2312	2098
250.61066	2313	2107
250.99814	2321	2101
251.38562	2321	2096
251.77303	2316	2106
252.1604	2321	2101
252.54778	2322	2107
252.93509	2319	2099
253.32236	2315	2103
253.70961	2320	2106
254.0968	2319	2104
254.48396	2323	2107
254.87112	2320	2105
255.25821	2320	2100
255.64526	2316	2101
256.0323	2323	2102
256.41928	2324	2099
256.8062	2325	2099
257.19315	2322	2099
257.58002	2322	2095
257.9669	2324	2089
258.35367	2320	2092
258.74045	2321	2092
259.1272	2329	2090
259.5139	2330	2090
259.90054	2331	2091
260.28717	2325	2098
260.67377	2332	2100
261.0603	2329	2100
261.44684	2322	2100
261.83328	2320	2100
262.21973	2318	2102
262.60614	2312	2101
262.9925	2322	2105
263.3788	2323	2102
263.76514	2323	2101
264.1514	2320	2103
264.5376	2312	2100
264.9238	2317	2110
265.30994	2315	2106
265.69604	2320	2107
266.08212	2316	2099
266.46814	2314	2099
266.85413	2313	2093
267.2401	2315	2099
267.62604	2321	2099
268.0119	2315	2095
268.39777	2309	2098
268.78357	2308	2092
269.16937	2308	2096
269.5551	2317	2099
269.9408	2315	2101
270.32648	2313	2093
270.7121	2316	2095
271.0977	2308	2093
271.48325	2316	2095
271.86874	2322	2095
272.2542	2316	2098
272.63968	2315	2084
273.0251	2317	2095
273.41043	2310	2094
273.79578	2312	2099
274.18106	2321	2099
274.56628	2319	2100
274.95154	2315	2097
275.3367	2318	2099
275.72183	2319	2097
276.10696	2324	2103
276.492	2317	2096
276.877	2313	2093
277.26202	2309	2099
277.64697	2309	2097
278.03186	2308	2101
278.41678	2316	2095
278.8016	2317	2098
279.18643	2325	2104
279.57117	2316	2100
279.95587	2315	2097
280.34058	2312	2098
280.72522	2316	2098
281.10983	2313	2103
281.49442	2313	2102
281.87894	2310	2093
282.26343	2312	2102
282.64792	2318	2104
283.03232	2318	2102
283.4167	2312	2097
283.80106	2317	2099
284.18536	2310	2100
284.5696	2318	2108
284.95386	2315	2110
285.33804	2315	2102
285.7222	2311	2100
286.10632	2308	2099
286.4904	2310	2106
286.87442	2310	2113
287.25845	2319	2112
287.6424	2313	2109
288.0263	2311	2102
288.41022	2317	2098
288.79404	2316	2106
289.1779	2315	2108
289.56165	2317	2097
289.94534	2313	2099
290.32907	2308	2100
290.7127	2316	2096
291.0963	2308	2096
291.47992	2315	2096
291.86343	2316	2095
292.24695	2313	2096
292.63043	2317	2092
293.01382	2321	2090
293.39722	2319	2092
293.78058	2321	2099
294.16388	2322	2102
294.54712	2326	2099
294.93036	2315	2096
295.31354	2319	2097
295.6967	2317	2099
296.07983	2327	2097
296.4629	2323	2099
296.84592	2322	2099
297.2289	2311	2097
297.61188	2325	2092
297.99478	2324	2099
298.3777	2325	2098
298.7605	2316	2094
299.14328	2324	2091
299.52606	2315	2094
299.90878	2327	2097
300.2915	2325	2096
300.67413	2325	2099
301.0567	2320	2092
301.4393	2313	2091
301.8218	2318	2098
302.20428	2327	2095
302.58676	2322	2101
302.96915	2316	2099
303.3515	2308	2099
303.73386	2315	2106
304.11615	2320	2110
304.49838	2320	2107
304.8806	2318	2111
305.2628	2310	2101
305.6449	2312	2101
306.027	2315	2110
306.40906	2316	2108
306.79105	2327	2100
307.17303	2320	2099
307.55496	2315	2100
307.93686	2316	2096
308.31873	2316	2098
308.70053	2318	2095
309.0823	2319	2093
309.46405	2317	2094
309.84576	2317	2093
310.22742	2309	2093
310.60904	2310	2092
310.9906	2317	2086
311.37216	2320	2094
311.75363	2317	2095
312.13507	2319	2091
312.5165	2316	2090
312.8979	2320	2095
313.27924	2321	2097
313.66052	2330	2098
314.04178	2325	2092
314.423	2322	2100
314.8042	2320	2093
315.1853	2323	2101
315.5664	2327	2098
315.94748	2327	2098
316.3285	2324	2091
316.70947	2319	2087
317.09042	2317	2095
317.4713	2322	2100
317.85214	2323	2099
318.23297	2318	2097
318.61374	2315	2100
318.99448	2320	2106
319.37518	2320	2098
319.75583	2329	2103
320.13647	2320	2094
320.51703	2324	2094
320.89755	2325	2096
321.27808	2320	2098
321.6585	2322	2099
322.03894	2327	2097
322.4193	2317	2099
322.79962	2322	2098
323.17993	2318	2101
323.56018	2324	2109
323.9404	2309	2108
324.32056	2323	2110
324.70068	2312	2099
325.08078	2316	2107
325.46082	2317	2098
325.84085	2317	2107
326.2208	2321	2107
326.6007	2318	2110
326.98062	2322	2104
327.36047	2317	2098
327.74023	2314	2101
328.12006	2318	2099
328.49976	2323	2098
328.87943	2321	2098
329.2591	2315	2107
329.63867	2318	2103
330.01822	2314	2106
330.39777	2325	2108
330.77722	2321	2106
331.15668	2318	2105
331.53607	2316	2101
331.9154	2316	2106
332.29474	2317	2101
332.674	2326	2103
333.05322	2326	2100
333.43243	2323	2098
333.81158	2315	2096
334.19067	2317	2103
334.56976	2322	2104
334.9488	2321	2099
335.32776	2321	2103
335.70673	2317	2099
336.0856	2316	2100
336.46448	2324	2097
336.8433	2325	2098
337.22208	2326	2090
337.6008	2322	2087
337.97952	2327	2096
338.35815	2320	2094
338.73676	2330	2103
339.11536	2328	2103
339.49387	2330	2100
339.87234	2331	2102
340.25082	2324	2102
340.6292	2321	2097
341.0076	2323	2099
341.38593	2327	2101
341.7642	2321	2097
342.14246	2325	2103
342.52063	2319	2103
342.89877	2321	2102
343.27692	2321	2099
343.65497	2316	2102
344.033	2315	2100
344.411	2319	2099
344.78894	2311	2098
345.16684	2310	2103
345.54474	2325	2107
345.92255	2322	2108
346.3003	2320	2100
346.67807	2316	2099
347.05576	2311	2101
347.4334	2314	2101
347.81104	2319	2100
348.1886	2315	2096
348.56613	2316	2096
348.94363	2308	2097
349.32108	2311	2098
349.69846	2316	2100
350.07584	2314	2098
350.45316	2311	2095
350.83044	2316	2091
351.20767	2309	2089
351.58487	2319	2097
351.96204	2329	2099
352.33914	2325	2100
352.7162	2318	2096
353.09326	2316	2096
353.4702	2322	2096
353.84714	2328	2099
354.22406	2331	2097
354.60092	2325	2089
354.97772	2324	2091
355.35452	2332	2095
355.73123	2323	2091
356.1079	2326	2095
356.4846	2321	2094
356.86118	2319	2094
357.23773	2320	2095
357.61426	2315	2094
357.99075	2317	2096
358.36716	2320	2103
358.7436	2320	2098
359.11993	2320	2103
359.49622	2318	2099
359.8725	2319	2094
360.24872	2328	2096
360.62488	2331	2096
361.00104	2314	2099
361.37714	2320	2099
361.7532	2320	2102
362.1292	2317	2100
362.50516	2315	2100
362.8811	2319	2110
363.257	2313	2100
363.6328	2316	2103
364.00864	2315	2106
364.38437	2312	2112
364.76007	2320	2115
365.13574	2318	2117
365.51138	2316	2107
365.88693	2313	2110
366.2625	2308	2110
366.638	2324	2111
367.01343	2317	2100
367.3889	2310	2105
367.76422	2316	2103
368.13956	2314	2103
368.51486	2312	2103
368.89008	2318	2099
369.2653	2318	2096
369.64044	2320	2091
370.01556	2322	2086
370.39062	2316	2092
370.76566	2327	2097
371.14062	2332	2097
371.5156	2317	2097
371.89047	2322	2104
372.26532	2322	2099
372.64014	2318	2102
373.01492	2321	2100
373.38962	2321	2098
373.7643	2318	2098
374.13895	2323	2098
374.51355	2321	2095
374.88812	2322	2101
375.2626	2321	2098
375.6371	2322	2106
376.0115	2323	2101
376.38586	2329	2099
376.7602	2319	2100
377.13452	2326	2107
377.50876	2325	2103
377.88297	2322	2104
378.25714	2317	2102
378.63126	2318	2102
379.0053	2311	2106
379.37936	2323	2110
379.75336	2328	2101
380.1273	2320	2098
380.50122	2323	2107
380.87506	2315	2103
381.2489	2312	2104
381.62265	2322	2108
381.99637	2317	2102
382.3701	2315	2099
382.7437	2317	2095
383.1173	2310	2098
383.49088	2314	2103
383.86438	2325	2099
384.23785	2321	2103
384.61127	2318	2102
384.98465	2315	2100
385.35797	2317	2096
385.7313	2318	2099
386.10452	2317	2096
386.47772	2321	2096
386.8509	2313	2103
387.224	2316	2105
387.59708	2318	2108
387.97012	2320	2100
388.3431	2318	2109
388.71603	2311	2103
389.08896	2317	2107
389.4618	2317	2101
389.8346	2321	2106
390.2074	2320	2099
390.5801	2324	2108
390.95282	2322	2099
391.32544	2320	2098
391.698	2316	2106
392.0706	2326	2102
392.44308	2327	2106
392.81552	2327	2103
393.18796	2326	2103
393.56033	2326	2102
393.93265	2326	2097
394.30496	2326	2095
394.6772	2326	2097
395.04938	2330	2099
395.42154	2324	2092
395.79364	2322	2093
396.16568	2332	2097
396.53772	2329	2099
396.9097	2323	2096
397.28162	2327	2103
397.65353	2318	2091
398.02536	2322	2096
398.39716	2330	2099
398.76892	2329	2097
399.14062	2321	2102
399.51227	2319	2100
399.8839	2320	2105
400.2555	2323	2110
400.627	2318	2107
400.99854	2324	2103
401.36996	2312	2094
401.7414	2319	2096
402.11273	2315	2097
402.48404	2319	2101
402.85532	2321	2103
403.22653	2314	2108
403.5977	2313	2106
403.96884	2320	2109
404.33994	2310	2110
404.71097	2315	2115
405.082	2313	2109
405.45294	2314	2104
405.82385	2313	2105
406.19473	2313	2101
406.56555	2309	2106
406.9363	2315	2104
407.30707	2318	2097
407.67773	2312	2097
408.04837	2314	2091
408.419	2323	2098
408.78955	2320	2093
409.16003	2329	2095
409.53052	2322	2094
409.90094	2324	2098
410.2713	2324	2098
410.64166	2321	2098
411.01193	2321	2106
411.3822	2327	2098
411.75238	2326	2106
412.12253	2323	2102
412.49265	2320	2100
412.8627	2325	2109
413.23273	2327	2103
413.60272	2320	2101
413.97263	2317	2086
414.3425	2324	2086
414.71237	2326	2085
415.08215	2323	2096
415.4519	2329	2095
415.82162	2321	2099
416.19125	2315	2095
416.56088	2320	2096
416.93045	2317	2097
417.3	2328	2104
417.66943	2327	2105
418.0389	2321	2097
418.4083	2320	2095
418.77762	2320	2096
419.14694	2314	2100
419.51617	2322	2099
419.88538	2324	2102
420.25458	2313	2099
420.6237	2324	2099
420.99277	2316	2101
421.36182	2312	2093
421.73077	2315	2098
422.09973	2315	2101
422.46863	2318	2096
422.83746	2318	2097
423.2063	2313	2096
423.57504	2314	2094
423.94373	2313	2096
424.31244	2323	2098
424.68103	2320	2098
425.04962	2307	2097
425.41815	2316	2104
425.78665	2318	2103
426.1551	2324	2101
426.5235	2320	2098
426.89185	2321	2100
427.26013	2310	2089
427.6284	2325	2094
427.99664	2329	2095
428.3648	2324	2101
428.73294	2318	2104
429.101	2320	2099
429.46902	2318	2102
429.837	2328	2100
430.205	2327	2096
430.57288	2323	2094
430.94073	2321	2091
431.30853	2317	2097
431.67627	2317	2098
432.04398	2319	2099
432.4117	2317	2091
432.77933	2317	2092
433.14688	2320	2090
433.5144	2323	2094
433.8819	2319	2103
434.24933	2324	2100
434.6168	2320	2101
434.98413	2320	2100
435.35144	2314	2102
435.7187	2319	2102
436.08588	2321	2104
436.4531	2318	2101
436.82022	2316	2105
437.1873	2320	2111
437.55432	2311	2102
437.9213	2311	2104
438.2882	2313	2100
438.65518	2310	2102
439.022	2311	2100
439.3888	2316	2107
439.75555	2309	2101
440.12225	2319	2103
440.48892	2319	2110
440.8556	2318	2110
441.22217	2315	2108
441.58868	2314	2099
441.95517	2319	2105
442.3216	2320	2103
442.68796	2327	2097
443.05438	2318	2098
443.42065	2324	2095
443.78693	2319	2097
444.1531	2318	2105
444.51926	2317	2107
444.88538	2323	2098
445.2515	2317	2096
445.61752	2317	2095
445.9835	2318	2094
446.34943	2319	2093
446.7153	2325	2099
447.08118	2316	2099
447.44696	2319	2097
447.8127	2321	2096
448.1784	2327	2094
448.54407	2326	2100
448.90967	2329	2097
449.27527	2317	2095
449.64078	2328	2092
450.00626	2322	2093
450.37167	2317	2093
450.73706	2321	2091
451.1024	2322	2094
451.4677	2324	2090
451.83295	2328	2095
452.19815	2325	2097
452.5633	2332	2103
452.92838	2331	2102
453.29343	2326	2107
453.6585	2323	2107
454.02347	2327	2106
454.38837	2328	2107
454.75323	2329	2106
455.11804	2331	2104
455.4829	2323	2104
455.84763	2324	2101
456.2123	2324	2101
456.57693	2324	2096
456.94153	2327	2099
457.30606	2326	2102
457.67062	2322	2100
458.0351	2320	2096
458.39948	2315	2095
458.76385	2312	2098
459.12814	2324	2103
459.49243	2318	2112
459.8567	2315	2102
460.2209	2310	2097
460.585	2314	2105
460.94907	2320	2104
461.3131	2323	2101
461.6771	2321	2099
462.0411	2321	2100
462.405	2316	2098
462.76886	2328	2102
463.13266	2326	2099
463.4964	2320	2102
463.8601	2324	2097
464.22385	2321	2099
464.58746	2316	2089
464.95102	2329	2100
465.31454	2329	2099
465.67804	2322	2109
466.0415	2323	2104
466.4049	2326	2103
466.76825	2320	2106
467.13153	2329	2103
467.49478	2327	2098
467.85797	2325	2094
468.2212	2326	2100
468.5843	2327	2099
468.94736	2326	2098
469.31036	2329	2090
469.67334	2327	2094
470.03625	2333	2095
470.39917	2331	2099
470.76202	2332	2098
471.1248	2329	2102
471.48752	2333	2110
471.85022	2326	2109
472.21286	2327	2099
472.5755	2323	2100
472.93805	2321	2105
473.30054	2328	2107
473.663	2327	2105
474.02542	2320	2111
474.38776	2329	2113
474.75015	2319	2110
475.11243	2318	2109
475.47464	2320	2109
475.8368	2315	2113
476.19894	2316	2108
476.56107	2323	2111
476.9231	2315	2115
477.2851	2312	2120
477.64703	2321	2115
478.00894	2317	2114
478.3708	2317	2110
478.73264	2316	2107
479.0944	2319	2110
479.4561	2323	2102
479.81775	2321	2100
480.17938	2314	2096
480.54092	2314	2097
480.90253	2314	2100
481.26398	2316	2091
481.62543	2316	2097
481.9868	2320	2098
482.3481	2319	2097
482.7094	2319	2095
483.0707	2320	2095
483.4319	2319	2099
483.79303	2325	2099
484.15414	2326	2098
484.5152	2326	2094
484.87625	2320	2096
485.2372	2324	2089
485.5981	2332	2091
485.95898	2337	2092
486.3198	2336	2094
486.68057	2336	2095
487.04135	2330	2095
487.40204	2330	2093
487.76266	2329	2091
488.12323	2335	2102
488.48376	2332	2098
488.84427	2339	2095
489.20477	2332	2093
489.56516	2338	2098
489.9255	2335	2095
490.2858	2333	2102
490.64606	2326	2098
491.00626	2328	2099
491.3665	2319	2096
491.7266	2330	2099
492.08667	2330	2097
492.4467	2320	2098
492.80664	2326	2095
493.16656	2325	2097
493.52652	2326	2101
493.88635	2327	2099
494.24612	2326	2102
494.60587	2316	2099
494.96555	2316	2099
495.32526	2315	2098
495.68484	2315	2111
496.0444	2319	2106
496.4039	2312	2104
496.76337	2315	2104
497.12274	2316	2099
497.48218	2317	2101
497.8415	2328	2098
498.20074	2327	2096
498.55997	2321	2102
498.91913	2318	2099
499.27826	2312	2097
499.6374	2318	2099
499.99643	2316	2095
500.3554	2317	2098
500.71436	2315	2098
501.07324	2313	2095
501.43207	2315	2098
501.79092	2316	2099
502.1497	2319	2100
502.50836	2320	2109
502.86703	2318	2096
503.22565	2320	2098
503.5842	2321	2098
503.94275	2328	2099
504.3012	2331	2097
504.65964	2319	2096
505.018	2315	2095
505.37634	2314	2094
505.73468	2320	2096
506.0929	2328	2108
506.45108	2322	2103
506.8092	2318	2099
507.1673	2315	2095
507.52533	2319	2098
507.8834	2318	2098
508.24133	2335	2101
508.5992	2324	2109
508.95706	2323	2108
509.31488	2316	2109
509.6726	2326	2109
510.0304	2328	2107
510.38806	2319	2103
510.74567	2319	2103
511.1032	2316	2106
511.46075	2315	2105
511.8182	2318	2107
512.1757	2317	2102
512.5331	2324	2109
512.8904	2317	2107
513.2477	2321	2107
513.6049	2311	2104
513.96216	2317	2103
514.3193	2315	2106
514.6764	2317	2109
515.03345	2316	2109
515.39044	2311	2099
515.7474	2310	2104
516.1044	2317	2104
516.4612	2312	2102
516.818	2313	2107
517.17474	2318	2103
517.5315	2319	2106
517.8881	2322	2106
518.2448	2318	2107
518.6014	2318	2106
518.95795	2318	2097
519.3144	2317	2107
519.67084	2316	2106
520.0272	2317	2103
520.3836	2326	2107
520.73987	2318	2111
521.0961	2322	2099
521.45233	2316	2094
521.8085	2324	2101
522.16455	2326	2100
522.5206	2327	2096
522.87665	2319	2097
523.2326	2325	2094
523.5885	2326	2089
523.9444	2326	2096
524.30023	2326	2090
524.656	2326	2093
525.0117	2321	2089
525.36743	2327	2094
525.723	2318	2094
526.0786	2329	2102
526.4342	2327	2107
526.7897	2318	2105
527.1451	2321	2103
527.5005	2326	2102
527.85583	2318	2102
528.2111	2323	2103
528.5664	2318	2101
528.92163	2324	2101
529.27673	2325	2103
529.63184	2318	2103
529.9869	2324	2102
530.3419	2318	2100
530.6969	2319	2110
531.0518	2320	2102
531.4067	2319	2107
531.7615	2313	2107
532.1163	2316	2110
532.471	2324	2108
532.8257	2318	2108
533.18036	2320	2101
533.5349	2315	2098
533.88947	2315	2097
534.2439	2313	2104
534.5984	2320	2105
534.9528	2318	2095
535.3071	2324	2102
535.66144	2314	2098
536.0157	2320	2106
536.3699	2322	2100
536.72406	2324	2098
537.0782	2317	2088
537.43225	2321	2095
537.78625	2321	2098
538.1402	2329	2102
538.49414	2327	2099
538.848	2322	2097
539.20184	2317	2095
539.5556	2320	2096
539.9093	2317	2092
540.263	2323	2099
540.61664	2327	2097
540.9703	2330	2097
541.3238	2329	2095
541.6773	2335	2093
542.0307	2328	2096
542.3841	2327	2107
542.7375	2319	2101
543.0908	2321	2097
543.44403	2316	2099
543.79724	2321	2098
544.1504	2319	2106
544.5035	2325	2107
544.85657	2320	2110
545.2096	2322	2103
545.56256	2318	2103
545.91547	2316	2113
546.2683	2326	2112
546.62115	2323	2102
546.974	2323	2103
547.3267	2320	2099
547.6794	2326	2095
548.032	2318	2097
548.3846	2318	2097
548.7371	2324	2103
549.08966	2321	2099
549.4421	2316	2100
549.7945	2310	2095
550.1468	2316	2099
550.4991	2321	2108
550.8513	2321	2107
551.2036	2319	2104
551.5558	2316	2096
551.90784	2319	2105
552.2599	2323	2107
552.61194	2317	2100
552.9639	2311	2110
553.31586	2319	2107
553.6677	2315	2106
554.01953	2316	2109
554.3713	2316	2107
554.723	2317	2102
555.07477	2317	2095
555.4264	2319	2092
555.77795	2323	2091
556.12946	2321	2102
556.48096	2325	2096
556.8324	2322	2105
557.18384	2318	2099
557.53516	2320	2101
557.8865	2332	2098
558.23773	2325	2100
558.5889	2321	2093
558.94006	2323	2095
559.2912	2319	2095
559.6423	2319	2093
559.9933	2314	2096
560.34424	2320	2100
560.6951	2320	2103
561.046	2320	2099
561.3969	2329	2099
561.7477	2325	2094
562.0984	2330	2098
562.44904	2326	2103
562.7997	2322	2104
563.1503	2316	2102
563.50085	2316	2100
563.8513	2317	2109
564.2018	2325	2111
564.5521	2327	2105
564.90247	2325	2101
565.2528	2329	2100
565.6031	2324	2104
565.95325	2324	2102
566.3034	2326	2104
566.6535	2325	2110
567.0036	2314	2103
567.35364	2312	2107
567.7036	2315	2105
568.0535	2323	2108
568.4034	2320	2107
568.7532	2312	2110
569.10297	2314	2110
569.45276	2314	2100
569.8024	2309	2106
570.15204	2318	2107
570.5016	2315	2109
570.85114	2316	2108
571.2007	2321	2110
571.5501	2318	2104
571.89954	2320	2107
572.24884	2318	2107
572.59814	2318	2102
572.9474	2318	2099
573.29663	2319	2100
573.6458	2312	2100
573.9949	2329	2095
574.34393	2329	2094
574.69293	2329	2095
575.04193	2327	2087
575.39087	2325	2095
575.73975	2322	2089
576.08856	2328	2100
576.4374	2326	2097
576.7861	2330	2107
577.13477	2325	2101
577.4834	2327	2106
577.832	2326	2108
578.1805	2325	2106
578.52893	2319	2111
578.8774	2320	2101
579.22577	2324	2103
579.5742	2322	2105
579.92255	2323	2108
580.27075	2327	2103
580.61896	2320	2104
580.9671	2319	2103
581.31525	2323	2095
581.66327	2321	2096
582.0113	2328	2091
582.35925	2327	2097
582.70715	2321	2096
583.05505	2319	2095
583.40295	2313	2099
583.75073	2324	2102
584.09845	2324	2099
584.4461	2317	2098
584.79376	2319	2096
585.14136	2323	2096
585.4889	2315	2098
585.83636	2325	2108
586.1838	2325	2107
586.5312	2318	2105
586.87854	2311	2103
587.2258	2311	2100
587.5732	2311	2098
587.9204	2314	2104
588.2675	2318	2096
588.6146	2311	2098
588.9617	2317	2097
589.3087	2318	2095
589.65564	2316	2094
590.00256	2320	2095
590.3494	2319	2098
590.6962	2323	2092
591.043	2313	2092
591.3899	2313	2090
591.7366	2318	2094
592.0832	2324	2095
592.42975	2326	2097
592.7763	2326	2095
593.1228	2321	2089
593.46924	2322	2089
593.8156	2326	2095
594.1619	2327	2097
594.50824	2319	2097
594.8545	2324	2095
595.2007	2314	2091
595.547	2324	2098
595.89307	2320	2099
596.23914	2321	2094
596.58514	2316	2095
596.93115	2322	2095
597.27704	2316	2093
597.6229	2333	2104
597.96875	2331	2103
598.3145	2327	2100
598.6602	2321	2093
599.0059	2324	2097
599.3517	2326	2098
599.69727	2328	2107
600.0428	2333	2093
600.3883	2327	2094
600.7337	2318	2097
601.0791	2315	2100
601.42444	2318	2095
601.7698	2320	2095
602.11505	2325	2102
602.4602	2321	2100
602.8054	2320	2100
603.1505	2316	2100
603.49567	2314	2106
603.8407	2312	2107
604.18567	2313	2107
604.5306	2315	2106
604.8755	2316	2100
605.2203	2319	2108
605.56506	2319	2107
605.9098	2319	2101
606.2545	2315	2098
606.5991	2315	2097
606.9437	2317	2106
607.28827	2316	2106
607.6329	2323	2107
607.97736	2325	2107
608.3218	2313	2105
608.6661	2316	2104
609.0104	2311	2103
609.3547	2313	2100
609.69885	2319	2101
610.043	2322	2100
610.38715	2317	2104
610.7312	2316	2094
611.07526	2317	2093
611.4194	2323	2098
611.7633	2319	2095
612.1072	2325	2094
612.451	2318	2094
612.7948	2321	2097
613.13855	2317	2099
613.48224	2322	2099
613.82587	2327	2102
614.1695	2324	2093
614.513	2329	2095
614.8565	2325	2093
615.2	2329	2099
615.5435	2331	2103
615.8869	2327	2098
616.2302	2324	2098
616.5735	2315	2099
616.9167	2325	2097
617.2599	2322	2099
617.603	2327	2100
617.94604	2320	2098
618.2891	2324	2099
618.6321	2328	2101
618.97504	2318	2109
619.31805	2324	2116
619.6609	2324	2107
620.00366	2316	2106
620.34644	2314	2102
620.68915	2313	2101
621.0318	2311	2107
621.3744	2312	2111
621.717	2316	2110
622.0595	2314	2110
622.402	2310	2104
622.7444	2311	2110
623.08673	2312	2100
623.4292	2319	2105
623.7715	2317	2099
624.1137	2315	2103
624.45593	2312	2097
624.79803	2317	2107
625.14014	2327	2108
625.4822	2318	2106
625.82416	2311	2094
626.16614	2311	2096
626.50806	2310	2094
626.8499	2319	2098
627.19183	2326	2099
627.53357	2316	2099
627.8753	2322	2097
628.217	2323	2091
628.5586	2319	2093
628.9002	2319	2097
629.2417	2322	2093
629.5832	2313	2098
629.9246	2321	2104
630.266	2319	2103
630.60736	2320	2096
630.94867	2318	2090
631.29004	2319	2090
631.6312	2324	2088
631.97235	2327	2091
632.3135	2316	2101
632.65454	2327	2104
632.99554	2324	2103
633.33655	2323	2106
633.6774	2321	2104
634.0183	2318	2105
634.35913	2320	2098
634.69995	2319	2102
635.04065	2317	2093
635.3815	2318	2096
635.7221	2328	2097
636.0627	2320	2099
636.40326	2317	2094
636.7438	2325	2090
637.0842	2325	2102
637.4246	2320	2099
637.76495	2317	2099
638.1053	2310	2098
638.44556	2309	2111
638.78577	2318	2115
639.12604	2322	2116
639.4662	2315	2116
639.8063	2319	2107
640.1463	2316	2113
640.48627	2322	2114
640.82623	2323	2104
641.16614	2313	2107
641.506	2319	2102
641.84576	2314	2098
642.1855	2318	2106
642.5252	2319	2106
642.86487	2318	2098
643.2046	2311	2097
643.5442	2312	2099
643.88367	2309	2099
644.22314	2323	2107
644.5626	2317	2107
644.902	2316	2109
645.24133	2317	2105
645.58057	2316	2104
645.91986	2311	2099
646.25903	2321	2105
646.59814	2321	2101
646.9374	2324	2094
647.2764	2323	2094
647.6155	2320	2089
647.9544	2328	2096
648.29333	2329	2091
648.6322	2325	2098
648.971	2324	2097
649.3098	2312	2095
649.64856	2320	2093
649.98724	2322	2096
650.32587	2326	2103
650.6644	2322	2102
651.0031	2319	2094
651.3416	2322	2091
651.68005	2321	2093
652.01843	2325	2090
652.3568	2323	2097
652.6951	2321	2098
653.0334	2324	2097
653.37164	2318	2094
653.7098	2318	2099
654.0479	2316	2103
654.386	2317	2102
654.7242	2310	2099
655.06213	2314	2099
655.4001	2318	2098
655.738	2323	2099
656.0758	2324	2102
656.41364	2312	2107
656.7514	2319	2104
657.0891	2314	2095
657.42676	2318	2100
657.7644	2323	2107
658.102	2315	2101
658.43945	2317	2097
658.7771	2315	2096
659.1145	2318	2097
659.4519	2309	2102
659.78925	2314	2100
660.1265	2313	2098
660.4638	2314	2097
660.801	2318	2099
661.1382	2321	2098
661.4753	2319	2098
661.8123	2325	2099
662.14935	2321	2100
662.4863	2320	2099
662.82336	2320	2094
663.1603	2328	2098
663.4971	2322	2099
663.83386	2331	2097
664.1706	2324	2098
664.5073	2322	2099
664.844	2322	2098
665.1806	2320	2106
665.51715	2322	2109
665.85364	2327	2102
666.1901	2328	2099
666.5267	2321	2100
666.86304	2323	2088
667.19934	2329	2104
667.53564	2335	2099
667.8719	2330	2101
668.20807	2328	2099
668.54425	2327	2098
668.8803	2323	2101
669.2164	2324	2099
669.55237	2335	2097
669.88837	2329	2098
670.22424	2320	2099
670.56024	2325	2101
670.8961	2318	2099
671.2319	2327	2102
671.5676	2322	2101
671.9033	2315	2098
672.23895	2315	2095
672.5745	2323	2098
672.9101	2315	2100
673.2456	2321	2101
673.58105	2319	2105
673.91644	2309	2101
674.25195	2313	2100
674.5873	2318	2102
674.92255	2315	2109
675.2578	2320	2097
675.59296	2315	2098
675.9281	2317	2093
676.2632	2310	2093
676.59827	2314	2094
676.9333	2320	2095
677.26825	2320	2098
677.60315	2315	2088
677.938	2323	2091
678.27295	2316	2089
678.6077	2319	2096
678.94244	2328	2095
679.27716	2323	2096
679.61176	2318	2097
679.94635	2320	2097
680.28094	2318	2097
680.6154	2324	2103
680.9499	2327	2100
681.2843	2328	2097
681.61865	2320	2100
681.9531	2322	2097
682.28735	2324	2098
682.62164	2333	2099
682.9558	2327	2098
683.2899	2325	2093
683.624	2324	2088
683.95807	2325	2094
684.2921	2327	2099
684.62604	2329	2104
684.95996	2322	2100
685.2938	2322	2099
685.6277	2321	2100
685.96155	2320	2097
686.2953	2330	2104
686.62897	2328	2101
686.96265	2316	2097
687.2962	2321	2101
687.62976	2320	2101
687.96326	2321	2101
688.29675	2325	2108
688.6302	2326	2102
688.96356	2325	2102
689.2969	2321	2104
689.6301	2311	2101
689.9635	2325	2110
690.2967	2321	2107
690.6298	2318	2113
690.96295	2318	2107
691.296	2322	2105
691.629	2314	2105
691.962	2315	2110
692.2949	2312	2106
692.6278	2317	2104
692.96063	2316	2109
693.2934	2314	2103
693.6263	2311	2097
693.959	2318	2098
694.2916	2317	2104
694.6242	2320	2095
694.9568	2312	2091
695.2893	2314	2093
695.62177	2323	2092
695.9542	2325	2099
696.2866	2320	2096
696.61896	2321	2099
696.95123	2319	2098
697.28345	2320	2097
697.6158	2324	2100
697.948	2321	2097
698.2801	2321	2100
698.6122	2315	2104
698.94415	2308	2105
699.2762	2325	2106
699.6081	2319	2107
699.94	2319	2098
700.27185	2318	2082
700.60364	2320	2096
700.9354	2325	2094
701.2672	2327	2098
701.5989	2327	2095
701.93054	2329	2100
702.2621	2326	2098
702.5936	2326	2098
702.9251	2329	2106
703.2566	2321	2104
703.58795	2323	2106
703.9193	2325	2107
704.2507	2320	2107
704.5819	2320	2105
704.91315	2320	2114
705.24445	2318	2113
705.57556	2324	2111
705.9067	2318	2100
706.23773	2325	2099
706.5687	2316	2099
706.89966	2311	2108
707.2306	2324	2111
707.56146	2320	2108
707.8923	2310	2110
708.2231	2310	2103
708.55383	2311	2106
708.88464	2320	2112
709.2153	2322	2105
709.54584	2310	2106
709.8764	2318	2096
710.2069	2309	2098
710.5374	2314	2100
710.86786	2316	2099
711.19824	2324	2099
711.52856	2308	2095
711.8589	2311	2100
712.1891	2314	2094
712.5193	2317	2100
712.8496	2321	2098
713.1797	2320	2100
713.50977	2316	2098
713.83984	2314	2098
714.1698	2316	2098
714.49976	2322	2099
714.82965	2322	2097
715.1595	2325	2096
715.4893	2321	2097
715.8191	2320	2095
716.1488	2318	2095
716.47845	2318	2107
716.8082	2320	2095
717.1378	2319	2097
717.46735	2324	2096
717.7969	2325	2105
718.12634	2325	2106
718.45575	2325	2107
718.7851	2320	2108
719.11444	2321	2102
719.4437	2327	2101
719.773	2319	2105
720.1022	2326	2108
720.43146	2331	2100
720.76056	2324	2103
721.0896	2324	2101
721.41864	2323	2100
721.7476	2324	2109
722.07654	2322	2111
722.40546	2321	2110
722.7343	2317	2102
723.0631	2321	2106
723.39185	2315	2113
723.7206	2319	2116
724.04926	2325	2113
724.378	2323	2112
724.7066	2318	2109
725.03516	2314	2096
725.36365	2311	2102
725.6921	2325	2102
726.0205	2327	2103
726.3489	2326	2100
726.6772	2324	2096
727.0055	2321	2094
727.33374	2322	2094
727.6619	2327	2097
727.99023	2320	2092
728.3183	2316	2095
728.64636	2317	2095
728.9744	2318	2097
729.30237	2318	2098
729.6303	2323	2098
729.9582	2322	2096
730.2861	2316	2095
730.6139	2315	2093
730.94165	2321	2093
731.26935	2324	2097
731.59705	2331	2097
731.9248	2320	2105
732.2524	2324	2102
732.57996	2319	2096
732.9074	2320	2096
733.2349	2318	2092
733.5623	2331	2098
733.8897	2323	2097
734.21704	2328	2099
734.5443	2329	2097
734.8716	2330	2095
735.1988	2328	2099
735.52606	2326	2100
735.85315	2320	2094
736.18024	2322	2093
736.50726	2320	2094
736.8343	2329	2099
737.1612	2325	2102
737.4881	2326	2098
737.815	2325	2100
738.1418	2320	2104
738.46857	2324	2100
738.7953	2325	2107
739.122	2323	2102
739.4488	2323	2100
739.7754	2322	2096
740.1019	2312	2097
740.42847	2319	2099
740.75494	2327	2099
741.08136	2322	2104
741.4078	2321	2097
741.73413	2319	2096
742.0604	2322	2103
742.3867	2328	2106
742.7129	2323	2096
743.0391	2310	2098
743.36536	2319	2096
743.69147	2311	2095
744.0175	2320	2097
744.3435	2317	2090
744.6695	2318	2098
744.9954	2317	2089
745.3213	2319	2096
745.64716	2313	2093
745.9729	2317	2095
746.2987	2324	2095
746.6244	2322	2095
746.9502	2318	2101
747.2758	2318	2097
747.6014	2312	2093
747.92694	2319	2099
748.25244	2326	2097
748.57794	2324	2106
748.9033	2321	2099
749.2287	2318	2097
749.554	2324	2097
749.87933	2326	2099
750.2046	2331	2098
750.5298	2330	2097
750.8551	2329	2095
751.1802	2327	2097
751.5053	2329	2097
751.8303	2329	2098
752.15533	2328	2104
752.4803	2320	2102
752.8052	2317	2100
753.13007	2327	2101
753.4549	2323	2104
753.77966	2323	2097
754.10443	2325	2099
754.42926	2322	2100
754.7539	2319	2102
755.07855	2322	2110
755.40314	2327	2104
755.72766	2324	2110
756.0522	2315	2097
756.3766	2315	2107
756.70105	2317	2105
757.0254	2328	2107
757.34973	2321	2106
757.674	2318	2103
757.9982	2318	2102
758.3226	2315	2099
758.6467	2313	2102
758.9709	2324	2107
759.2949	2317	2101
759.619	2315	2098
759.943	2318	2102
760.26697	2324	2105
760.5909	2313	2099
760.91473	2316	2100
761.2385	2318	2102
761.5624	2317	2104
761.8862	2318	2099
762.2099	2321	2098
762.53357	2318	2093
762.8572	2329	2094
763.1808	2326	2099
763.50433	2320	2096
763.8278	2316	2095
764.1513	2317	2089
764.47473	2318	2092
764.7981	2321	2097
765.12146	2323	2099
765.4447	2323	2097
765.7681	2320	2095
766.0913	2330	2099
766.4145	2327	2100
766.7376	2329	2106
767.0607	2328	2098
767.3837	2324	2099
767.7068	2323	2098
768.0297	2327	2098
768.35266	2329	2099
768.67554	2325	2099
768.99835	2320	2099
769.32117	2324	2097
769.64404	2320	2102
769.9668	2331	2103
770.2895	2327	2102
770.6121	2320	2096
770.9347	2319	2095
771.25726	2322	2099
771.5798	2318	2101
771.9023	2318	2099
772.2247	2315	2102
772.5471	2315	2105
772.86945	2319	2103
773.1919	2316	2106
773.51416	2321	2111
773.83636	2327	2107
774.15857	2314	2110
774.4807	2311	2115
774.80286	2310	2114
775.12494	2310	2110
775.44696	2313	2115
775.7689	2312	2114
776.0909	2315	2104
776.4128	2314	2105
776.7347	2312	2099
777.0566	2308	2105
777.3784	2315	2103
777.70013	2317	2097
778.02185	2319	2095
778.3435	2317	2095
778.66516	2316	2094
778.98676	2316	2095
779.3083	2318	2099
779.62976	2314	2098
779.95123	2316	2100
780.27264	2316	2096
780.5942	2316	2094
780.9155	2327	2099
781.2368	2325	2097
781.5581	2317	2098
781.87933	2324	2092
782.2005	2321	2095
782.52167	2318	2098
782.8428	2329	2099
783.1638	2332	2098
783.48486	2316	2097
783.80585	2318	2095
784.1268	2324	2097
784.4478	2320	2101
784.7687	2323	2101
785.0895	2324	2108
785.4103	2328	2107
785.731	2324	2104
786.05176	2324	2102
786.3724	2327	2108
786.69305	2327	2105
787.0136	2321	2115
787.33417	2322	2117
787.65466	2316	2114
787.9753	2318	2114
788.2957	2318	2110
788.6161	2326	2110
788.9364	2323	2099
789.2567	2321	2098
789.577	2316	2097
789.8972	2317	2099
790.2174	2321	2103
790.5376	2320	2106
790.8577	2316	2100
791.1778	2317	2102
791.4978	2312	2101
791.81793	2315	2100
792.1379	2317	2097
792.4578	2314	2100
792.77765	2312	2095
793.09753	2319	2097
793.4173	2320	2105
793.73706	2319	2107
794.05676	2320	2098
794.37646	2320	2093
794.6961	2316	2095
795.01575	2314	2096
795.33527	2316	2098
795.6549	2325	2095
795.9744	2318	2101
796.2939	2323	2097
796.6133	2324	2096
796.9326	2332	2092
797.25195	2330	2095
797.5713	2331	2097
797.8905	2322	2086
798.2097	2323	2095
798.52893	2320	2095
798.848	2328	2103
799.16724	2327	2100
799.4863	2322	2099
799.80536	2318	2097
800.1243	2325	2098
800.44324	2323	2097
800.76215	2324	2094
801.081	2326	2095
801.39984	2329	2108
801.7186	2327	2098
802.03735	2328	2097
802.3561	2327	2100
802.67474	2332	2106
802.9935	2331	2105
803.31213	2326	2107
803.6307	2321	2102
803.94916	2320	2102
804.26764	2315	2099
804.5861	2323	2098
804.90454	2321	2101
805.2229	2321	2098
805.5412	2316	2098
805.8595	2312	2096
806.17773	2318	2098
806.4961	2329	2102
806.8142	2318	2099
807.1324	2315	2099
807.45044	2314	2099
807.76855	2315	2093
808.08655	2318	2107
808.40454	2327	2100
808.7225	2313	2094
809.0404	2314	2095
809.3583	2317	2097
809.6761	2324	2102
809.9939	2319	2100
810.31177	2326	2099
810.62946	2312	2097
810.94714	2316	2095
811.2648	2319	2098
811.5824	2325	2100
811.89996	2325	2096
812.21747	2314	2098
812.535	2317	2098
812.8524	2320	2094
813.16986	2318	2102
813.4872	2319	2099
813.8047	2318	2099
814.12195	2324	2096
814.4392	2324	2099
814.7565	2318	2106
815.07367	2322	2107
815.3908	2322	2109
815.7079	2323	2111
816.02496	2320	2108
816.34204	2319	2102
816.659	2317	2098
816.976	2323	2101
817.2929	2333	2096
817.6099	2327	2097
817.92676	2326	2095
818.2436	2323	2093
818.56036	2326	2092
818.8771	2328	2094
819.1938	2331	2100
819.51044	2324	2094
819.8271	2328	2103
820.1437	2320	2097
820.46027	2318	2103
820.77673	2322	2102
821.09326	2320	2102
821.4098	2319	2099
821.7262	2313	2103
822.04254	2315	2102
822.3589	2320	2107
822.6752	2322	2111
822.99146	2321	2112
823.3077	2313	2096
823.62384	2316	2100
823.94	2311	2107
824.2561	2319	2107
824.5722	2317	2097
824.88837	2316	2097
825.20435	2322	2099
825.5203	2324	2098
825.83624	2319	2105
826.1521	2326	2115
826.46796	2321	2110
826.7838	2319	2096
827.09955	2318	2095
827.4153	2316	2106
827.731	2321	2107
828.0467	2324	2107
828.3623	2314	2109
828.67804	2316	2107
828.9936	2314	2098
829.30914	2319	2106
829.62463	2324	2107
829.94006	2334	2101
830.2555	2330	2103
830.57086	2331	2094
830.88617	2324	2095
831.2015	2325	2106
831.5168	2325	2107
831.83203	2323	2102
832.14734	2320	2096
832.46246	2324	2088
832.7776	2325	2089
833.0927	2329	2095
833.4077	2333	2099
833.7228	2327	2108
834.0377	2319	2111
834.35266	2322	2103
834.6676	2320	2110
834.9825	2330	2107
835.2973	2327	2103
835.6121	2325	2110
835.927	2323	2102
836.2417	2319	2105
836.5564	2321	2101
836.8711	2325	2106
837.1857	2323	2101
837.5003	2324	2097
837.8148	2321	2094
838.12933	2317	2093
838.44385	2328	2099
838.7583	2329	2103
839.0727	2323	2108
839.3872	2318	2111
839.70154	2316	2109
840.0158	2309	2110
840.3301	2326	2108
840.6443	2329	2097
840.9585	2314	2098
841.2727	2315	2103
841.5868	2310	2097
841.9009	2309	2101
842.21497	2313	2099
842.52893	2317	2098
842.84296	2310	2097
843.157	2317	2098
843.47095	2311	2098
843.7848	2316	2097
844.09863	2323	2100
844.4125	2322	2102
844.7262	2324	2098
845.04	2316	2095
845.35364	2320	2094
845.66736	2323	2095
845.98096	2323	2092
846.29456	2327	2098
846.60815	2323	2090
846.92175	2318	2091
847.2353	2321	2095
847.5487	2327	2099
847.8622	2332	2101
848.17554	2315	2094
848.4889	2316	2096
848.8022	2319	2102
849.1155	2319	2107
849.4287	2329	2107
849.74194	2320	2105
850.0551	2322	2104
850.3684	2320	2095
850.6815	2322	2101
850.9946	2328	2104
851.3076	2331	2101
851.62067	2324	2096
851.9336	2329	2096
852.2466	2326	2097
852.55945	2328	2093
852.8724	2324	2097
853.1852	2324	2098
853.498	2316	2098
853.8107	2319	2095
854.1236	2309	2101
854.4363	2320	2103
854.74896	2321	2103
855.0616	2322	2108
855.3742	2321	2100
855.68677	2320	2098
855.99927	2320	2098
856.31177	2319	2107
856.62427	2321	2105
856.93665	2323	2107
857.2491	2320	2108
857.5615	2311	2106
857.8739	2312	2106
858.18616	2318	2107
858.4984	2320	2107
858.81067	2317	2104
859.1228	2314	2101
859.435	2319	2102
859.74713	2317	2106
860.0592	2327	2107
860.3713	2313	2109
860.6833	2311	2108
860.99524	2316	2097
861.3073	2317	2097
861.61926	2329	2096
861.93115	2327	2095
862.243	2325	2098
862.5548	2320	2098
862.8666	2320	2089
863.17834	2320	2092
863.49005	2318	2099
863.80176	2323	2090
864.1134	2320	2088
864.42505	2323	2095
864.73676	2317	2094
865.0483	2323	2098
865.3598	2324	2095
865.6713	2322	2109
865.9827	2320	2104
866.2942	2319	2107
866.6056	2323	2103
866.91693	2327	2107
867.2283	2328	2102
867.53955	2323	2104
867.85077	2323	2104
868.162	2318	2105
868.4733	2318	2100
868.7845	2325	2097
869.0956	2319	2102
869.4067	2320	2099
869.7178	2325	2099
870.02875	2324	2094
870.3398	2321	2098
870.6507	2327	2103
870.9617	2324	2102
871.2725	2318	2102
871.58344	2312	2098
871.8942	2310	2098
872.20514	2313	2101
872.5159	2313	2101
872.82666	2316	2098
873.1374	2312	2100
873.448	2309	2099
873.75867	2314	2107
874.0693	2318	2105
874.3798	2318	2106
874.69037	2312	2098
875.00085	2311	2099
875.31134	2310	2094
875.6219	2317	2107
875.9323	2317	2107
876.2427	2314	2104
876.55304	2314	2098
876.86334	2318	2097
877.17365	2319	2097
877.4839	2324	2100
877.7941	2329	2096
878.1043	2323	2098
878.4144	2324	2091
878.72455	2326	2096
879.03467	2327	2100
879.34485	2328	2099
879.65485	2330	2099
879.96484	2328	2094
880.2748	2327	2095
880.5847	2325	2094
880.89465	2321	2099
881.2045	2327	2102
881.51434	2322	2099
881.82416	2324	2102
882.1339	2320	2099
882.44366	2319	2100
882.7535	2323	2099
883.0632	2327	2101
883.3728	2327	2107
883.68243	2331	2108
883.992	2320	2100
884.3016	2326	2101
884.6111	2325	2103
884.9206	2322	2105
885.23004	2320	2103
885.5394	2324	2095
885.8489	2319	2102
886.1582	2329	2103
886.46765	2329	2108
886.777	2326	2106
887.08624	2316	2098
887.3955	2315	2099
887.7047	2315	2105
888.0139	2326	2107
888.32306	2321	2102
888.63214	2322	2098
888.9412	2318	2095
889.2503	2316	2097
889.5593	2317	2100
889.8684	2316	2099
890.17737	2317	2098
890.4863	2311	2095
890.7952	2308	2095
891.10406	2315	2097
891.4129	2321	2107
891.72174	2317	2103
892.0305	2315	2101
892.3393	2318	2096
892.648	2318	2093
892.95667	2316	2097
893.2653	2317	2097
893.5741	2323	2093
893.8827	2316	2094
894.1912	2325	2096
894.49976	2321	2091
894.8083	2322	2096
895.11676	2327	2095
895.4252	2331	2099
895.7336	2325	2099
896.042	2325	2095
896.35034	2324	2098
896.6587	2323	2101
896.967	2331	2102
897.2753	2326	2100
897.58356	2316	2102
897.8918	2321	2101
898.19995	2323	2097
898.5081	2328	2103
898.8162	2335	2096
899.1243	2328	2107
899.4324	2334	2100
899.74036	2329	2103
900.0484	2332	2100
900.3563	2333	2099
900.66437	2325	2106
900.9723	2325	2101
901.28015	2321	2107
901.588	2319	2105
901.8958	2327	2108
902.2036	2325	2107
902.51135	2317	2107
902.8191	2316	2099
903.12683	2316	2097
903.43445	2314	2105
903.7421	2320	2104
904.04974	2322	2100
904.3574	2311	2098
904.665	2313	2102
904.97253	2315	2099
905.28	2314	2102
905.58746	2314	2099
905.8949	2314	2097
906.2023	2311	2097
906.5097	2317	2094
906.817	2315	2097
907.1243	2317	2101
907.43164	2321	2098
907.739	2321	2105
908.04626	2323	2098
908.35345	2319	2100
908.66064	2320	2098
908.9678	2326	2105
909.2749	2325	2107
909.582	2319	2108
909.88904	2324	2110
910.1961	2320	2112
910.5031	2321	2109
910.81006	2328	2099
911.117	2327	2098
911.424	2324	2097
911.7309	2328	2095
912.0378	2324	2087
912.3446	2321	2090
912.6514	2329	2098
912.9582	2324	2097
913.26495	2320	2097
913.57166	2316	2099
913.87836	2315	2106
914.185	2328	2103
914.49164	2327	2102
914.79834	2327	2101
915.105	2326	2101
915.4115	2319	2104
915.718	2320	2106
916.0245	2325	2108
916.33093	2324	2107
916.6374	2315	2105
916.9438	2317	2112
917.2502	2316	2115
917.55664	2316	2112
917.863	2315	2111
918.1693	2313	2110
918.4756	2316	2107
918.7818	2313	2109
919.088	2315	2107
919.3942	2325	2104
919.7004	2324	2105
920.0065	2320	2104
920.3126	2323	2098
920.61865	2317	2095
920.9247	2322	2097
921.2309	2319	2097
921.53687	2320	2098
921.84283	2322	2097
922.14874	2319	2095
922.45465	2313	2097
922.76056	2317	2096
923.0664	2321	2095
923.37225	2320	2098
923.67804	2316	2096
923.9838	2313	2092
924.28955	2310	2093
924.5954	2319	2095
924.9011	2327	2098
925.2068	2326	2096
925.51245	2324	2095
925.81805	2314	2089
926.1236	2321	2097
926.4292	2318	2099
926.7347	2322	2099
927.0402	2320	2096
927.3457	2323	2095
927.6511	2321	2097
927.95654	2323	2102
928.2621	2325	2095
928.56744	2324	2101
928.8728	2322	2096
929.1781	2324	2099
929.4834	2325	2098
929.7887	2328	2106
930.09393	2327	2097
930.3991	2325	2106
930.7043	2321	2106
931.00946	2319	2109
931.3146	2316	2109
931.6198	2321	2110
931.9249	2319	2114
932.23	2318	2113
932.535	2319	2109
932.83997	2315	2113
933.14496	2312	2108
933.4499	2323	2110
933.7548	2318	2107
934.05975	2317	2105
934.3646	2314	2098
934.66943	2315	2096
934.97424	2318	2097
935.2792	2323	2100
935.584	2315	2101
935.8887	2319	2098
936.1934	2317	2101
936.4981	2314	2105
936.80273	2319	2107
937.1074	2318	2111
937.412	2315	2106
937.7166	2321	2105
938.0212	2314	2102
938.3257	2315	2106
938.6302	2316	2107
938.9348	2317	2104
939.23926	2324	2101
939.5437	2320	2098
939.84814	2323	2097
940.15247	2325	2102
940.45685	2324	2102
940.76117	2326	2094
941.0655	2324	2095
941.36975	2324	2085
941.674	2324	2096
941.9783	2327	2100
942.2826	2328	2098
942.5868	2318	2093
942.8909	2320	2097
943.19507	2316	2094
943.49915	2319	2099
943.8032	2329	2099
944.1073	2321	2100
944.4113	2322	2103
944.71533	2322	2101
945.01935	2325	2097
945.3233	2328	2099
945.6272	2327	2097
945.9313	2329	2098
946.2351	2327	2095
946.539	2322	2102
946.84283	2332	2100
947.1466	2334	2099
947.4504	2323	2102
947.75415	2315	2102
948.0579	2323	2098
948.36163	2316	2097
948.6653	2321	2111
948.96893	2325	2107
949.2727	2316	2116
949.57635	2316	2113
949.87994	2318	2107
950.1835	2312	2108
950.48706	2319	2112
950.7905	2322	2109
951.09406	2324	2101
951.3975	2317	2107
951.7009	2327	2109
952.0044	2324	2113
952.30774	2319	2111
952.61115	2322	2111
952.9146	2311	2105
953.21796	2311	2094
953.52124	2314	2097
953.8245	2317	2101
954.12775	2318	2103
954.431	2318	2096
954.7342	2314	2092
955.0374	2312	2095
955.3406	2317	2092
955.6437	2319	2094
955.94684	2322	2097
956.25	2317	2092
956.5531	2318	2099
956.85614	2314	2096
957.1592	2316	2100
957.46216	2320	2107
957.76514	2322	2101
958.06805	2318	2097
958.371	2321	2097
958.6739	2319	2102
958.97675	2319	2105
959.2796	2320	2104
959.58246	2325	2105
959.8854	2323	2099
960.1882	2320	2101
960.49097	2322	2099
960.7937	2324	2099
961.0964	2323	2096
961.3991	2325	2101
961.7018	2324	2099
962.0044	2322	2093
962.307	2312	2102
962.6096	2320	2100
962.91223	2320	2105
963.2149	2322	2105
963.51746	2318	2095
963.81995	2325	2102
964.12244	2327	2104
964.4249	2329	2103
964.72736	2322	2103
965.0298	2316	2102
965.33215	2312	2100
965.6346	2318	2102
965.9369	2320	2103
966.23926	2317	2101
966.54156	2322	2102
966.844	2325	2099
967.14624	2319	2097
967.4485	2322	2098
967.7507	2324	2099
968.0529	2316	2098
968.35504	2320	2095
968.6572	2318	2095
968.95935	2315	2090
969.2615	2318	2103
969.56354	2325	2099
969.86566	2322	2100
970.16766	2320	2098
970.46985	2322	2100
970.77185	2317	2097
971.0738	2325	2099
971.3758	2322	2097
971.67773	2319	2100
971.9796	2328	2095
972.2815	2319	2097
972.5834	2320	2101
972.88525	2322	2108
973.1871	2318	2103
973.4889	2320	2100
973.7908	2319	2095
974.0925	2313	2098
974.3943	2319	2100
974.69604	2323	2106
974.99774	2321	2108
975.2994	2319	2100
975.6011	2320	2103
975.9027	2317	2101
976.20435	2319	2107
976.5059	2323	2105
976.8075	2323	2106
977.1091	2325	2107
977.4107	2317	2105
977.7122	2318	2107
978.0137	2326	2108
978.3152	2323	2110
978.61664	2316	2104
978.918	2311	2103
979.2195	2309	2110
979.5209	2309	2112
979.8222	2318	2102
980.12354	2318	2106
980.42487	2315	2100
980.7263	2313	2100
981.0276	2309	2098
981.32886	2314	2107
981.6301	2313	2097
981.93134	2310	2106
982.23254	2320	2099
982.5337	2312	2103
982.83484	2311	2097
983.136	2314	2099
983.43713	2316	2095
983.7382	2316	2096
984.0393	2314	2096
984.3405	2309	2097
984.64154	2315	2098
984.94257	2315	2100
985.2436	2312	2099
985.54456	2316	2109
985.8455	2316	2100
986.1465	2311	2105
986.4474	2311	2105
986.7483	2321	2099
987.04913	2317	2101
987.35004	2317	2102
987.651	2316	2106
987.9518	2318	2108
988.2526	2316	2109
988.5534	2318	2103
988.8542	2316	2093
989.1549	2317	2094
989.4556	2308	2093
989.75635	2315	2098
990.057	2321	2099
990.3577	2317	2097
990.6583	2318	2103
990.959	2316	2088
991.2597	2310	2091
991.5603	2323	2095
991.86084	2317	2097
992.16144	2322	2098
992.462	2316	2099
992.76245	2311	2102
993.0629	2315	2113
993.3634	2324	2115
993.6639	2316	2102
993.9643	2311	2096
994.2648	2316	2096
994.5651	2309	2094
994.86566	2308	2104
995.166	2310	2103
995.4664	2306	2105
995.76666	2310	2106
996.067	2306	2102
996.36725	2310	2105
996.66754	2310	2115
996.9678	2315	2104
997.268	2315	2098
997.56824	2315	2102
997.8684	2310	2098
998.1687	2308	2107
998.4689	2307	2097
998.76904	2310	2102
999.06915	2309	2093
999.36926	2308	2097
999.6693	2305	2094
999.9694	2306	2097
1000.2695	2307	2103
1000.56946	2307	2111
1000.8695	2308	2101
1001.1695	2303	2096
1001.4695	2307	2098
1001.76953	2307	2099
1002.0695	2309	2097
1002.36945	2310	2098
1002.6693	2308	2099
1002.9692	2306	2104
1003.26904	2306	2106
1003.5689	2308	2107
1003.8688	2316	2102
1004.1686	2321	2098
1004.4684	2320	2090
1004.7682	2316	2099
1005.06805	2321	2105
1005.3678	2319	2103
1005.66754	2312	2105
1005.9672	2310	2102
1006.2669	2310	2092
1006.5666	2309	2092
1006.8663	2307	2099
1007.1659	2309	2097
1007.4655	2305	2094
1007.76514	2306	2095
1008.0647	2307	2098
1008.3643	2308	2095
1008.664	2305	2096
1008.9635	2308	2098
1009.26306	2306	2093
1009.56256	2306	2095
1009.86206	2305	2100
1010.1615	2303	2104
1010.461	2305	2103
1010.76044	2303	2110
1011.0598	2299	2105
1011.35925	2297	2102
1011.6586	2295	2106
1011.9581	2298	2111
1012.2575	2299	2110
1012.5568	2292	2106
1012.85614	2290	2105
1013.15546	2289	2103
1013.4547	2276	2097
1013.754	2293	2099
1014.0533	2291	2101
1014.3525	2293	2096
1014.65173	2288	2092
1014.9509	2289	2094
1015.2501	2288	2096
1015.54944	2293	2102
1015.8486	2290	2099
1016.1477	2283	2097
1016.44684	2274	2096
1016.746	2284	2097
1017.04504	2286	2100
1017.3441	2287	2095
1017.6432	2289	2097
1017.94226	2283	2093
1018.2413	2277	2098
1018.5403	2280	2094
1018.8393	2281	2099
1019.1384	2284	2098
1019.4374	2279	2086
1019.7363	2280	2091
1020.0353	2279	2084
1020.33417	2283	2095
1020.6331	2279	2095
1020.932	2278	2094
1021.23083	2275	2094
1021.5297	2276	2099
1021.8286	2280	2097
1022.12744	2283	2099
1022.42633	2287	2101
1022.72516	2276	2099
1023.0239	2272	2100
1023.3227	2271	2099
1023.62146	2270	2096
1023.92017	2272	2100
1024.2189	2265	2102
1024.5176	2260	2102
1024.8163	2262	2095
1025.115	2265	2102
1025.4137	2265	2108
1025.7123	2267	2110
1026.0111	2262	2115
1026.3097	2260	2109
1026.6083	2256	2107
1026.9069	2264	2111
1027.2054	2259	2112
1027.504	2261	2101
1027.8026	2259	2096
1028.1011	2259	2095
1028.3997	2255	2091
1028.6981	2260	2095
1028.9966	2260	2099
1029.2952	2255	2106
1029.5936	2254	2095
1029.8921	2252	2095
1030.1906	2249	2097
1030.4889	2252	2095
1030.7874	2257	2095
1031.0857	2250	2096
1031.3842	2248	2098
1031.6825	2253	2097
1031.9808	2255	2101
1032.2792	2256	2098
1032.5775	2257	2101
1032.8759	2256	2098
1033.1742	2249	2099
1033.4724	2251	2098
1033.7708	2253	2093
1034.069	2253	2099
1034.3672	2250	2098
1034.6654	2256	2098
1034.9636	2255	2096
1035.2618	2247	2093
1035.56	2247	2099
1035.8582	2253	2095
1036.1565	2250	2107
1036.4546	2252	2097
1036.7527	2248	2097
1037.0508	2254	2094
1037.3489	2252	2100
1037.647	2259	2097
1037.9451	2255	2096
1038.2432	2254	2094
1038.5411	2251	2096
1038.8392	2250	2108
1039.1372	2244	2104
1039.4353	2250	2102
1039.7334	2242	2097
1040.0314	2250	2095
1040.3293	2237	2098
1040.6273	2243	2101
1040.9253	2241	2099
1041.2231	2241	2098
1041.5211	2238	2095
1041.819	2239	2095
1042.117	2236	2097
1042.4148	2247	2098
1042.7126	2251	2096
1043.0105	2235	2099
1043.3085	2234	2090
1043.6063	2236	2095
1043.904	2229	2094
1044.2019	2231	2099
1044.4996	2231	2099
1044.7975	2225	2095
1045.0952	2227	2095
1045.393	2227	2092
1045.6908	2227	2096
1045.9885	2227	2095
1046.2861	2224	2098
1046.584	2224	2096
1046.8817	2224	2092
1047.1794	2225	2093
1047.477	2230	2099
1047.7747	2231	2096
1048.0724	2225	2100
1048.37	2222	2095
1048.6676	2226	2093
1048.9652	2222	2096
1049.2628	2212	2095
1049.5604	2222	2094
1049.858	2219	2093
1050.1556	2219	2095
1050.4532	2216	2090
1050.7507	2221	2093
1051.0483	2221	2099
1051.3458	2218	2100
1051.6433	2216	2102
1051.9408	2214	2092
1052.2383	2209	2097
1052.5358	2212	2099
1052.8333	2213	2100
1053.1307	2215	2095
1053.4282	2204	2089
1053.7257	2210	2093
1054.0231	2201	2099
1054.3206	2202	2103
1054.6179	2201	2100
1054.9153	2200	2099
1055.2126	2197	2096
1055.51	2199	2096
1055.8074	2200	2097
1056.1047	2209	2099
1056.4021	2194	2099
1056.6995	2192	2099
1056.9968	2184	2100
1057.2942	2188	2097
1057.5914	2188	2099
1057.8887	2191	2105
1058.1859	2181	2096
1058.4832	2184	2099
1058.7804	2175	2101
1059.0776	2177	2106
1059.3749	2172	2099
1059.6721	2173	2101
1059.9694	2170	2095
1060.2666	2175	2098
1060.5638	2172	2097
1060.861	2169	2101
1061.1582	2168	2108
1061.4553	2168	2109
1061.7524	2165	2108
1062.0496	2160	2098
1062.3467	2161	2099
1062.6438	2162	2101
1062.9409	2159	2100
1063.238	2159	2106
1063.5352	2160	2099
1063.8323	2155	2094
1064.1294	2147	2096
1064.4264	2149	2099
1064.7235	2155	2098
1065.0205	2145	2098
1065.3175	2152	2099
1065.6145	2150	2098
1065.9116	2147	2102
1066.2086	2147	2099
1066.5055	2136	2100
1066.8025	2135	2103
1067.0995	2134	2098
1067.3966	2132	2094
1067.6935	2124	2099
1067.9905	2133	2101
1068.2874	2123	2094
1068.5844	2123	2091
1068.8812	2121	2097
1069.1781	2116	2108
1069.475	2116	2098
1069.772	2117	2102
1070.0688	2115	2099
1070.3657	2116	2110
1070.6626	2112	2106
1070.9595	2117	2107
1071.2563	2117	2103
1071.5532	2113	2099
1071.85	2104	2100
1072.1469	2110	2099
1072.4436	2108	2097
1072.7404	2106	2103
1073.0372	2107	2096
1073.334	2107	2105
1073.6307	2109	2106
1073.9275	2100	2105
1074.2244	2099	2113
1074.5211	2101	2116
1074.8179	2101	2115
1075.1146	2103	2112
1075.4114	2105	2106
1075.7081	2101	2109
1076.0048	2103	2110
1076.3015	2107	2103
1076.5981	2101	2104
1076.8949	2104	2097
1077.1915	2104	2089
1077.4883	2113	2098
1077.7849	2106	2098
1078.0817	2108	2096
1078.3783	2102	2091
1078.6749	2103	2095
1078.9716	2097	2091
1079.2682	2100	2095
1079.5648	2102	2095
1079.8613	2107	2094
1080.158	2102	2091
1080.4546	2100	2095
1080.7511	2098	2093
1081.0479	2102	2098
1081.3444	2101	2098
1081.641	2099	2095
1081.9375	2096	2090
1082.2341	2098	2093
1082.5306	2097	2092
1082.8271	2109	2095
1083.1237	2107	2093
1083.4202	2103	2098
1083.7167	2102	2098
1084.0132	2104	2101
1084.3098	2104	2106
1084.6063	2102	2107
1084.9028	2099	2102
1085.1992	2094	2098
1085.4957	2096	2099
1085.7922	2096	2098
1086.0886	2093	2098
1086.3851	2099	2099
1086.6815	2096	2100
1086.978	2098	2102
1087.2744	2091	2102
1087.5708	2090	2105
1087.8674	2089	2106
1088.1638	2095	2106
1088.4602	2093	2105
1088.7566	2083	2102
1089.053	2086	2102
1089.3494	2085	2097
1089.6458	2085	2102
1089.9421	2087	2097
1090.2385	2089	2096
1090.5348	2088	2092
1090.8312	2084	2093
1091.1276	2091	2095
1091.424	2093	2095
1091.7203	2090	2100
1092.0167	2092	2100
1092.313	2090	2094
1092.6094	2088	2092
1092.9056	2093	2098
1093.2019	2087	2097
1093.4982	2086	2096
1093.7946	2083	2095
1094.0908	2083	2103
1094.3871	2086	2106
1094.6835	2089	2107
1094.9797	2086	2107
1095.276	2083	2097
1095.5723	2083	2099
1095.8685	2085	2093
1096.1648	2083	2099
1096.461	2093	2102
1096.7573	2088	2104
1097.0535	2086	2108
1097.3497	2084	2106
1097.646	2092	2104
1097.9421	2086	2110
1098.2385	2086	2103
1098.5347	2090	2103
1098.8309	2094	2106
1099.1271	2090	2098
1099.4233	2096	2100
1099.7195	2090	2097
1100.0157	2086	2101
1100.3119	2086	2099
1100.608	2088	1374
1100.9042	2085	2096
1101.2004	2083	1291
1101.4967	2088	2106
1101.7928	2086	1242
1102.089	2085	2107
1102.3851	1896	1220
1102.6813	2081	2109
1102.9774	1277	1215
1103.2736	2084	2108
1103.5697	1231	1212
1103.8658	2081	2109
1104.1619	1204	1207
1104.458	2081	2110
1104.7542	1192	1212
1105.0504	2086	2105
1105.3464	1194	1196
1105.6426	2078	2098
1105.9387	1188	1203
1106.2347	2083	2102
1106.5309	1190	1206
1106.8269	2077	2112
1107.123	1189	1217
1107.4191	2080	2109
1107.7152	1183	1217
1108.0112	2082	2109
1108.3074	1189	1214
1108.6035	2082	2098
1108.8995	1182	1203
1109.1956	2087	2096
1109.4917	1186	1198
1109.7877	2083	2094
1110.0837	1185	1202
1110.3798	2083	2091
1110.6758	1187	1202
1110.9718	2081	2096
1111.268	1185	1212
1111.564	2082	2102
1111.8601	1186	1212
1112.1561	2085	2105
1112.4521	1188	1207
1112.748	2081	2100
1113.0441	1188	1203
1113.3401	2082	2101
1113.6361	1196	1210
1113.9321	2086	2108
1114.2281	1199	1206
1114.5242	2083	2116
1114.8202	1199	1212
1115.1161	2082	2112
1115.4122	1202	1199
1115.7083	2082	2101
1116.0042	1199	1194
1116.3002	2081	2105
1116.5962	1199	1195
1116.8921	2085	2104
1117.1881	1195	1201
1117.4841	2081	2099
1117.78	1193	1198
1118.076	2091	2101
1118.372	1196	1202
1118.6681	2078	2098
1118.964	1186	1193
1119.26	2075	2099
1119.5559	1187	1202
1119.8519	2081	2101
1120.1478	1186	1200
1120.4438	2073	2097
1120.7397	1184	1201
1121.0358	2078	2100
1121.3317	1181	1209
1121.6276	2081	2101
1121.9236	1181	1211
1122.2196	2077	1973
1122.5155	1174	1093
1122.8114	2078	1090
1123.1074	1187	1093
1123.4033	2083	1088
1123.6992	1185	1085
1123.9952	2080	1086
1124.2911	1186	1084
1124.587	2080	1086
1124.8829	1186	1089
1125.1788	2085	1086
1125.475	1190	1085
1125.7709	2080	1078
1126.0668	1187	1086
1126.3627	2077	1092
1126.6586	1191	1086
1126.9545	2079	1096
1127.2505	1195	1097
1127.5464	2080	1087
1127.8423	1197	1102
1128.1382	2086	1101
1128.4341	1199	1099
1128.73	2081	1094
1129.026	1196	1096
1129.3219	1653	1099
1129.6178	1079	1093
1129.9137	1072	1098
1130.2096	1079	1102
1130.5056	1072	1098
1130.8015	1069	1092
1131.0974	1069	1096
1131.3933	1074	1102
1131.6892	1076	1100
1131.9851	1073	1106
1132.2811	1062	1094
1132.577	1070	1093
1132.8729	1074	1089
1133.1688	1077	1096
1133.4647	1074	1091
1133.7606	1066	1090
1134.0565	1069	1097
