wavelength,file1,
-146.20303,47.0
-145.79652,58.0
-145.39003,54.0
-144.98354,52.0
-144.57703,57.0
-144.17053,55.0
-143.76402,52.0
-143.35753,45.0
-142.95102,58.0
-142.54453,64.0
-142.13803,57.0
-141.73152,52.0
-141.32504,53.0
-140.91853,59.0
-140.51202,54.0
-140.10555,62.0
-139.69905,51.0
-139.29254,48.0
-138.88605,59.0
-138.47955,53.0
-138.07306,60.0
-137.66656,56.0
-137.26009,41.0
-136.85359,57.0
-136.4471,114.0
-136.04062,105.0
-135.63412,106.0
-135.22763,103.0
-134.82114,116.0
-134.41467,107.0
-134.00818,110.0
-133.60168,108.0
-133.19522,91.0
-132.78874,108.0
-132.38225,105.0
-131.97578,104.0
-131.5693,107.0
-131.16283,102.0
-130.75636,109.0
-130.3499,98.0
-129.94342,109.0
-129.53694,109.0
-129.1305,106.0
-128.72403,103.0
-128.31755,108.0
-127.9111,110.0
-127.50464,107.0
-127.09818,97.0
-126.69172,109.0
-126.28528,105.0
-125.87882,109.0
-125.47237,105.0
-125.06593,99.0
-124.659485,105.0
-124.253044,102.0
-123.846596,102.0
-123.44016,96.0
-123.03372,100.0
-122.6273,101.0
-122.22086,104.0
-121.81443,102.0
-121.40801,95.0
-121.00159,87.0
-120.59516,104.0
-120.18874,97.0
-119.782326,95.0
-119.375916,95.0
-118.9695,99.0
-118.563095,95.0
-118.15669,93.0
-117.75029,97.0
-117.34389,102.0
-116.9375,97.0
-116.5311,96.0
-116.12471,94.0
-115.71833,94.0
-115.311935,91.0
-114.905556,94.0
-114.499176,91.0
-114.092804,96.0
-113.68643,100.0
-113.28007,98.0
-112.8737,85.0
-112.46734,90.0
-112.06098,91.0
-111.65463,93.0
-111.248276,91.0
-110.84193,90.0
-110.43558,102.0
-110.02924,90.0
-109.6229,93.0
-109.21657,90.0
-108.81024,85.0
-108.403915,88.0
-107.9976,89.0
-107.59128,90.0
-107.18496,88.0
-106.77864,85.0
-106.372345,91.0
-105.96604,95.0
-105.55974,105.0
-105.15345,95.0
-104.74716,80.0
-104.34087,83.0
-103.93459,89.0
-103.52832,85.0
-103.12204,89.0
-102.715775,93.0
-102.30951,97.0
-101.90325,86.0
-101.49699,91.0
-101.090744,97.0
-100.684494,88.0
-100.27825,93.0
-99.87202,84.0
-99.46579,106.0
-99.059555,95.0
-98.653336,94.0
-98.247116,90.0
-97.8409,87.0
-97.434685,99.0
-97.028496,102.0
-96.62229,77.0
-96.216095,89.0
-95.809906,92.0
-95.403725,89.0
-94.99754,93.0
-94.59137,85.0
-94.18521,97.0
-93.77904,85.0
-93.37288,86.0
-92.966736,96.0
-92.560585,79.0
-92.15444,95.0
-91.74831,87.0
-91.34218,88.0
-90.93605,93.0
-90.52993,81.0
-90.123825,87.0
-89.71771,89.0
-89.31161,84.0
-88.90552,92.0
-88.49942,84.0
-88.09333,89.0
-87.687256,87.0
-87.28118,86.0
-86.87511,88.0
-86.469055,83.0
-86.063,91.0
-85.656944,91.0
-85.25091,87.0
-84.84487,90.0
-84.438835,75.0
-84.03281,81.0
-83.62679,85.0
-83.22078,77.0
-82.81477,81.0
-82.408775,75.0
-82.002785,90.0
-81.596794,87.0
-81.19082,85.0
-80.78484,84.0
-80.378876,78.0
-79.97291,85.0
-79.56696,81.0
-79.16101,86.0
-78.755066,89.0
-78.34914,85.0
-77.943214,79.0
-77.53729,86.0
-77.13138,93.0
-76.72548,88.0
-76.31957,80.0
-75.91368,83.0
-75.507805,86.0
-75.10192,83.0
-74.696045,90.0
-74.290184,86.0
-73.88433,90.0
-73.47848,80.0
-73.07264,91.0
-72.66681,94.0
-72.26098,75.0
-71.85516,90.0
-71.44934,85.0
-71.04354,94.0
-70.63775,88.0
-70.23196,79.0
-69.82618,83.0
-69.420395,87.0
-69.01463,85.0
-68.60888,84.0
-68.203125,79.0
-67.797386,91.0
-67.39165,91.0
-66.98592,86.0
-66.58021,89.0
-66.174484,87.0
-65.76879,86.0
-65.36309,84.0
-64.957405,93.0
-64.55173,94.0
-64.14606,79.0
-63.7404,90.0
-63.334747,100.0
-62.929096,82.0
-62.52346,85.0
-62.11783,77.0
-61.71221,98.0
-61.306602,81.0
-60.900993,91.0
-60.4954,84.0
-60.089813,81.0
-59.68424,86.0
-59.27867,93.0
-58.873108,86.0
-58.46756,88.0
-58.06201,81.0
-57.656483,82.0
-57.25096,86.0
-56.84544,87.0
-56.439934,79.0
-56.03443,83.0
-55.62895,93.0
-55.223473,88.0
-54.817997,84.0
-54.412537,80.0
-54.00708,85.0
-53.60164,83.0
-53.19621,80.0
-52.79078,90.0
-52.38537,82.0
-51.979958,81.0
-51.574566,90.0
-51.16918,82.0
-50.7638,85.0
-50.358437,84.0
-49.95307,78.0
-49.54773,81.0
-49.142395,83.0
-48.73706,84.0
-48.331745,91.0
-47.926437,82.0
-47.521133,83.0
-47.11585,83.0
-46.710564,84.0
-46.305298,89.0
-45.900043,77.0
-45.49479,90.0
-45.089554,82.0
-44.68432,89.0
-44.279102,92.0
-43.873894,81.0
-43.468693,83.0
-43.063507,94.0
-42.658325,85.0
-42.253162,84.0
-41.848007,78.0
-41.442856,85.0
-41.037724,85.0
-40.632595,91.0
-40.22748,99.0
-39.82238,78.0
-39.417282,89.0
-39.012203,82.0
-38.607124,84.0
-38.202065,95.0
-37.79702,83.0
-37.391975,85.0
-36.98695,84.0
-36.581924,98.0
-36.17692,94.0
-35.771927,83.0
-35.36694,99.0
-34.961967,92.0
-34.55701,91.0
-34.152054,87.0
-33.747116,85.0
-33.342182,91.0
-32.937267,85.0
-32.532364,89.0
-32.127464,94.0
-31.722586,83.0
-31.317707,93.0
-30.91285,90.0
-30.508005,83.0
-30.10316,86.0
-29.69834,92.0
-29.293522,89.0
-28.888721,80.0
-28.483932,90.0
-28.079151,90.0
-27.674385,87.0
-27.269627,101.0
-26.864883,92.0
-26.460155,91.0
-26.055433,92.0
-25.650728,82.0
-25.246027,96.0
-24.841349,91.0
-24.43668,83.0
-24.032017,93.0
-23.627373,82.0
-23.222734,93.0
-22.818113,91.0
-22.413506,85.0
-22.008905,87.0
-21.604322,84.0
-21.199745,94.0
-20.795187,89.0
-20.390644,95.0
-19.986105,97.0
-19.581583,79.0
-19.177078,88.0
-18.772575,96.0
-18.368093,90.0
-17.96362,88.0
-17.559162,100.0
-17.154718,92.0
-16.75028,96.0
-16.345863,94.0
-15.941452,95.0
-15.53706,104.0
-15.132683,95.0
-14.72831,89.0
-14.323957,94.0
-13.919613,99.0
-13.5152855,89.0
-13.110973,100.0
-12.706667,96.0
-12.30238,99.0
-11.8981,93.0
-11.493841,93.0
-11.089596,101.0
-10.685356,101.0
-10.281137,91.0
-9.8769245,92.0
-9.472734,99.0
-9.068554,99.0
-8.664383,103.0
-8.260233,95.0
-7.8560905,99.0
-7.4519653,90.0
-7.0478573,103.0
-6.643753,108.0
-6.2396736,98.0
-5.835596,90.0
-5.4315434,100.0
-5.027504,103.0
-4.623472,96.0
-4.2194595,102.0
-3.815462,99.0
-3.4114723,91.0
-3.0075054,98.0
-2.6035442,103.0
-2.1996021,101.0
-1.7956772,100.0
-1.391758,97.0
-0.98786163,101.0
-0.583971,107.0
-0.18010521,101.0
0.22375107,99.0
0.6275978,89.0
1.0314217,97.0
1.4352379,98.0
1.8390408,94.0
2.242813,99.0
2.6465874,108.0
3.0503445,101.0
3.454071,94.0
3.8578014,98.0
4.2615147,97.0
4.6651974,93.0
5.06888,105.0
5.4725494,97.0
5.8761883,99.0
6.279827,107.0
6.683449,93.0
7.087059,96.0
7.490635,109.0
7.8942146,109.0
8.297773,108.0
8.701305,92.0
9.104837,110.0
9.508354,112.0
9.911839,106.0
10.315325,109.0
10.718794,104.0
11.122248,118.0
11.525671,91.0
11.929094,108.0
12.3325,106.0
12.735878,97.0
13.139252,104.0
13.542614,105.0
13.945938,108.0
14.349266,110.0
14.752579,102.0
15.155874,111.0
15.559141,112.0
15.962402,105.0
16.365652,114.0
16.768867,100.0
17.172083,108.0
17.575281,113.0
17.97845,108.0
18.381617,107.0
18.78477,99.0
19.187885,106.0
19.591003,114.0
19.994102,108.0
20.39719,114.0
20.800241,111.0
21.203293,110.0
21.606329,112.0
22.00933,117.0
22.412333,114.0
22.81532,115.0
23.218271,117.0
23.621223,105.0
24.024158,120.0
24.427076,117.0
24.829964,110.0
25.232843,110.0
25.635712,108.0
26.038546,109.0
26.44138,121.0
26.844194,111.0
27.246979,119.0
27.649761,116.0
28.052526,112.0
28.455273,119.0
28.857988,107.0
29.2607,106.0
29.663397,117.0
30.066057,115.0
30.468716,116.0
30.87136,108.0
31.27397,122.0
31.676577,113.0
32.07917,118.0
32.481728,120.0
32.884277,109.0
33.28682,115.0
33.68934,116.0
34.091827,115.0
34.49431,120.0
34.896774,108.0
35.29921,113.0
35.701637,113.0
36.10405,119.0
36.50643,119.0
36.908806,113.0
37.311165,114.0
37.7135,120.0
38.11581,113.0
38.518112,123.0
38.920395,121.0
39.322655,124.0
39.7249,119.0
40.12713,116.0
40.529327,118.0
40.931522,112.0
41.333694,128.0
41.735855,121.0
42.137974,115.0
42.540096,120.0
42.942196,115.0
43.344265,118.0
43.74633,124.0
44.148376,120.0
44.550385,115.0
44.952393,121.0
45.354378,113.0
45.75635,127.0
46.158287,115.0
46.56022,126.0
46.96213,121.0
47.364006,125.0
47.765884,118.0
48.167736,131.0
48.569557,131.0
48.971375,120.0
49.373177,133.0
49.77494,122.0
50.1767,126.0
50.578438,124.0
50.98016,130.0
51.381847,126.0
51.78353,122.0
52.18519,130.0
52.58682,127.0
52.98844,131.0
53.390045,121.0
53.791615,129.0
54.19318,133.0
54.594727,116.0
54.99625,122.0
55.39774,137.0
55.799225,128.0
56.20069,129.0
56.60212,137.0
57.003548,121.0
57.404953,130.0
57.806328,126.0
58.20769,128.0
58.60904,130.0
59.01036,125.0
59.41165,131.0
59.81294,131.0
60.214203,131.0
60.615433,138.0
61.01666,123.0
61.417862,141.0
61.81903,122.0
62.220192,131.0
62.621338,145.0
63.022446,118.0
63.423546,135.0
63.82463,133.0
64.22569,136.0
64.62672,134.0
65.02773,131.0
65.428734,129.0
65.8297,141.0
66.23065,133.0
66.63159,136.0
67.03249,132.0
67.43339,146.0
67.83426,140.0
68.235115,141.0
68.63593,135.0
69.03674,131.0
69.43753,148.0
69.83829,147.0
70.23903,135.0
70.639755,140.0
71.04045,141.0
71.44113,147.0
71.8418,136.0
72.24243,157.0
72.643036,153.0
73.04364,141.0
73.444214,143.0
73.84476,143.0
74.24529,148.0
74.645805,156.0
75.04628,150.0
75.44675,147.0
75.8472,146.0
76.247604,131.0
76.64801,148.0
77.04839,143.0
77.44875,155.0
77.849075,152.0
78.2494,150.0
78.64969,149.0
79.04995,147.0
79.4502,144.0
79.85043,148.0
80.250626,156.0
80.6508,157.0
81.050964,147.0
81.45111,155.0
81.85121,146.0
82.25131,148.0
82.65138,155.0
83.05142,147.0
83.45145,155.0
83.851456,144.0
84.25143,156.0
84.65139,168.0
85.05133,146.0
85.45125,152.0
85.85113,163.0
86.25099,154.0
86.65085,166.0
87.05066,147.0
87.450455,154.0
87.85024,165.0
88.249985,162.0
88.64972,159.0
89.04943,155.0
89.44913,162.0
89.84877,164.0
90.24841,157.0
90.64804,165.0
91.04762,158.0
91.4472,163.0
91.84675,162.0
92.24626,161.0
92.64577,174.0
93.04524,162.0
93.44469,158.0
93.844124,174.0
94.24354,151.0
94.64293,159.0
95.04228,171.0
95.44162,162.0
95.84094,168.0
96.24022,168.0
96.639496,181.0
97.038734,165.0
97.43794,150.0
97.83715,162.0
98.23633,171.0
98.635475,167.0
99.03459,161.0
99.4337,178.0
99.83278,167.0
100.23182,175.0
100.63086,178.0
101.02987,164.0
101.42884,182.0
101.827805,172.0
102.226746,172.0
102.625656,175.0
103.02453,173.0
103.4234,177.0
103.822235,168.0
104.22104,184.0
104.61983,181.0
105.0186,169.0
105.41733,180.0
105.816055,182.0
106.21475,175.0
106.6134,180.0
107.012054,172.0
107.410675,181.0
107.80927,176.0
108.207825,177.0
108.60638,178.0
109.0049,172.0
109.40339,185.0
109.801865,180.0
110.20031,180.0
110.59872,185.0
110.99712,195.0
111.3955,190.0
111.79385,168.0
112.19216,179.0
112.59046,199.0
112.98874,181.0
113.38697,189.0
113.7852,189.0
114.183395,190.0
114.58156,189.0
114.979706,183.0
115.37784,195.0
115.77594,196.0
116.173996,185.0
116.572044,190.0
116.97007,188.0
117.36805,202.0
117.76602,195.0
118.16397,191.0
118.56188,190.0
118.95978,185.0
119.35765,198.0
119.75548,204.0
120.153305,196.0
120.551094,203.0
120.94887,191.0
121.346596,199.0
121.74431,201.0
122.142,202.0
122.53966,204.0
122.937294,212.0
123.33491,207.0
123.73248,196.0
124.13004,225.0
124.52759,205.0
124.925095,201.0
125.322556,203.0
125.72002,200.0
126.11745,204.0
126.51485,212.0
126.91222,211.0
127.30957,207.0
127.70688,211.0
128.10419,218.0
128.50146,214.0
128.89871,220.0
129.29591,218.0
129.69312,218.0
130.09027,216.0
130.4874,216.0
130.88452,213.0
131.28162,224.0
131.67867,226.0
132.0757,231.0
132.4727,228.0
132.86969,218.0
133.26663,223.0
133.66356,229.0
134.06046,228.0
134.45732,236.0
134.85417,233.0
135.25099,247.0
135.64777,241.0
136.04454,243.0
136.44128,240.0
136.83798,241.0
137.23466,235.0
137.63132,239.0
138.02795,233.0
138.42455,247.0
138.82112,239.0
139.21767,250.0
139.61418,245.0
140.01068,249.0
140.40715,247.0
140.80357,233.0
141.19998,255.0
141.59637,256.0
141.99274,243.0
142.38905,254.0
142.78535,260.0
143.18163,264.0
143.57787,257.0
143.97409,256.0
144.37027,256.0
144.76642,255.0
145.16257,254.0
145.55869,253.0
145.95476,262.0
146.3508,264.0
146.74683,263.0
147.14282,263.0
147.53879,261.0
147.93474,266.0
148.33064,272.0
148.7265,255.0
149.12238,264.0
149.51819,273.0
149.91399,267.0
150.30977,278.0
150.7055,266.0
151.10121,277.0
151.49692,277.0
151.89255,290.0
152.28818,286.0
152.68379,272.0
153.07935,280.0
153.47488,282.0
153.87042,285.0
154.2659,280.0
154.66135,279.0
155.0568,299.0
155.45218,286.0
155.84753,297.0
156.2429,300.0
156.63821,290.0
157.03351,302.0
157.42876,301.0
157.82397,302.0
158.2192,314.0
158.61435,281.0
159.00949,297.0
159.40462,297.0
159.7997,303.0
160.19473,302.0
160.58978,295.0
160.98477,305.0
161.37971,300.0
161.77467,296.0
162.16957,301.0
162.56445,308.0
162.95932,311.0
163.35413,315.0
163.7489,312.0
164.14369,321.0
164.53842,304.0
164.9331,314.0
165.3278,333.0
165.72244,301.0
166.11707,315.0
166.51166,312.0
166.90619,322.0
167.30074,321.0
167.69522,322.0
168.08969,324.0
168.48413,321.0
168.87854,336.0
169.2729,323.0
169.66727,315.0
170.06158,327.0
170.45586,322.0
170.85014,329.0
171.24435,328.0
171.63855,339.0
172.03273,328.0
172.42686,341.0
172.82097,343.0
173.21506,336.0
173.6091,340.0
174.00314,341.0
174.39711,340.0
174.79106,335.0
175.18501,340.0
175.5789,345.0
175.97276,349.0
176.36661,341.0
176.7604,346.0
177.15417,351.0
177.54794,351.0
177.94165,351.0
178.33533,357.0
178.729,359.0
179.12262,348.0
179.5162,357.0
179.90977,358.0
180.3033,357.0
180.6968,363.0
181.09029,368.0
181.4837,367.0
181.8771,368.0
182.27051,370.0
182.66385,370.0
183.05719,360.0
183.45045,383.0
183.8437,382.0
184.23694,357.0
184.63013,367.0
185.02328,364.0
185.41644,382.0
185.80952,380.0
186.20258,372.0
186.59564,377.0
186.98863,377.0
187.38159,382.0
187.77457,387.0
188.16747,369.0
188.56033,385.0
188.95322,384.0
189.34602,383.0
189.7388,389.0
190.13158,388.0
190.52429,391.0
190.91699,383.0
191.30965,394.0
191.70227,400.0
192.0949,387.0
192.48746,388.0
192.87997,402.0
193.27249,391.0
193.66495,393.0
194.05739,392.0
194.44981,406.0
194.84218,400.0
195.23451,399.0
195.62685,409.0
196.01912,393.0
196.41136,401.0
196.8036,402.0
197.19577,402.0
197.58792,404.0
197.98006,406.0
198.37213,411.0
198.76419,413.0
199.15623,410.0
199.54822,414.0
199.94019,401.0
200.3321,415.0
200.724,407.0
201.11588,407.0
201.5077,410.0
201.89949,414.0
202.29129,426.0
202.68301,426.0
203.0747,428.0
203.46638,413.0
203.85802,404.0
204.2496,416.0
204.6412,417.0
205.03273,415.0
205.42422,421.0
205.81572,429.0
206.20715,425.0
206.59856,431.0
206.98996,429.0
207.38129,441.0
207.77258,428.0
208.16388,436.0
208.55511,437.0
208.94635,441.0
209.33752,438.0
209.72865,432.0
210.11978,453.0
210.51086,417.0
210.9019,448.0
211.29294,449.0
211.6839,433.0
212.07484,437.0
212.46579,450.0
212.85666,439.0
213.2475,450.0
213.63834,436.0
214.0291,445.0
214.41985,461.0
214.81058,442.0
215.20125,454.0
215.59189,449.0
215.98251,458.0
216.3731,470.0
216.76366,453.0
217.15417,451.0
217.54465,452.0
217.9351,473.0
218.32552,466.0
218.71588,464.0
219.10626,470.0
219.49655,467.0
219.88683,474.0
220.2771,474.0
220.6673,471.0
221.05746,483.0
221.44763,484.0
221.83774,476.0
222.2278,479.0
222.61786,485.0
223.00786,490.0
223.39783,479.0
223.7878,485.0
224.17769,493.0
224.56755,472.0
224.95741,487.0
225.34721,493.0
225.737,500.0
226.12672,493.0
226.51642,493.0
226.9061,507.0
227.29573,491.0
227.68532,501.0
228.0749,500.0
228.46442,503.0
228.85391,512.0
229.24341,501.0
229.63281,504.0
230.0222,514.0
230.41159,515.0
230.8009,516.0
231.19019,516.0
231.57945,507.0
231.96867,517.0
232.35785,512.0
232.74701,517.0
233.13612,513.0
233.52522,525.0
233.91428,517.0
234.30327,532.0
234.69226,527.0
235.0812,512.0
235.47011,530.0
235.859,528.0
236.24782,522.0
236.63661,539.0
237.0254,522.0
237.41412,537.0
237.80283,545.0
238.1915,526.0
238.58012,541.0
238.96872,542.0
239.3573,539.0
239.7458,545.0
240.13428,548.0
240.52275,550.0
240.91116,535.0
241.29953,556.0
241.68791,555.0
242.07622,551.0
242.46451,558.0
242.85274,544.0
243.24094,556.0
243.62912,572.0
244.01726,568.0
244.40535,565.0
244.79343,565.0
245.18146,577.0
245.56943,580.0
245.95741,583.0
246.34532,590.0
246.7332,573.0
247.12106,581.0
247.50888,583.0
247.89665,586.0
248.28441,594.0
248.6721,576.0
249.05977,590.0
249.44743,597.0
249.83502,606.0
250.22258,603.0
250.61012,585.0
250.9976,599.0
251.38509,605.0
251.77249,595.0
252.15988,594.0
252.54724,611.0
252.93454,619.0
253.32181,608.0
253.70908,616.0
254.09627,620.0
254.48343,616.0
254.87059,617.0
255.25766,622.0
255.64471,621.0
256.03177,632.0
256.41873,620.0
256.80566,634.0
257.19263,637.0
257.5795,626.0
257.9663,639.0
258.35315,639.0
258.7399,640.0
259.12665,637.0
259.51334,634.0
259.9,640.0
260.28662,646.0
260.67322,651.0
261.05975,639.0
261.4463,659.0
261.83276,659.0
262.21918,645.0
262.6056,654.0
262.99194,668.0
263.37827,643.0
263.7646,652.0
264.15085,659.0
264.53705,663.0
264.92325,670.0
265.3094,665.0
265.6955,661.0
266.08157,666.0
266.4676,681.0
266.85358,673.0
267.23956,671.0
267.6255,677.0
268.01138,673.0
268.39722,688.0
268.78302,677.0
269.16882,688.0
269.55457,688.0
269.94025,679.0
270.32593,688.0
270.71155,694.0
271.0971,682.0
271.4827,694.0
271.8682,702.0
272.25366,701.0
272.63913,690.0
273.0245,706.0
273.40985,709.0
273.79523,697.0
274.18048,712.0
274.56573,708.0
274.95096,714.0
275.33612,716.0
275.7213,714.0
276.10638,718.0
276.49146,706.0
276.8765,728.0
277.26147,734.0
277.64642,709.0
278.03134,727.0
278.4162,731.0
278.80103,728.0
279.18585,728.0
279.57062,720.0
279.95532,724.0
280.34003,731.0
280.72467,739.0
281.10925,747.0
281.49387,729.0
281.8784,735.0
282.26288,740.0
282.64734,735.0
283.03177,744.0
283.41614,749.0
283.80048,752.0
284.18478,754.0
284.5691,743.0
284.9533,752.0
285.33746,747.0
285.72165,763.0
286.10574,755.0
286.4898,756.0
286.87387,764.0
287.25787,757.0
287.6418,761.0
288.02576,765.0
288.40964,780.0
288.7935,786.0
289.1773,757.0
289.56107,771.0
289.94476,777.0
290.3285,769.0
290.71213,775.0
291.09573,775.0
291.47934,785.0
291.86285,783.0
292.24637,778.0
292.62982,792.0
293.01324,782.0
293.39667,791.0
293.78,785.0
294.16327,797.0
294.54657,800.0
294.92978,793.0
295.31296,788.0
295.69614,804.0
296.07922,804.0
296.4623,810.0
296.84537,794.0
297.22833,814.0
297.6113,810.0
297.99423,811.0
298.37708,806.0
298.75992,812.0
299.14273,821.0
299.52548,813.0
299.9082,829.0
300.2909,835.0
300.67352,820.0
301.05615,829.0
301.43872,827.0
301.82123,832.0
302.20374,836.0
302.58618,829.0
302.96857,835.0
303.35095,832.0
303.73328,830.0
304.11554,847.0
304.49783,827.0
304.88004,842.0
305.26218,844.0
305.64435,843.0
306.02643,843.0
306.40845,849.0
306.7905,861.0
307.17245,841.0
307.55438,851.0
307.93628,863.0
308.31815,837.0
308.69995,856.0
309.08173,872.0
309.46347,861.0
309.84518,853.0
310.22684,855.0
310.60843,859.0
310.99002,873.0
311.37155,865.0
311.75305,870.0
312.13452,883.0
312.51593,876.0
312.89728,877.0
313.27866,873.0
313.65994,861.0
314.0412,870.0
314.42242,889.0
314.8036,875.0
315.18472,881.0
315.56583,889.0
315.94687,876.0
316.32788,885.0
316.7089,901.0
317.0898,879.0
317.47073,898.0
317.85156,899.0
318.2324,892.0
318.6132,895.0
318.9939,894.0
319.37457,908.0
319.75525,895.0
320.13586,905.0
320.51642,896.0
320.89697,901.0
321.27747,910.0
321.6579,902.0
322.03836,909.0
322.4187,908.0
322.79904,921.0
323.17935,917.0
323.55957,902.0
323.9398,912.0
324.31998,922.0
324.70007,923.0
325.08017,923.0
325.46024,915.0
325.84024,931.0
326.2202,929.0
326.60013,942.0
326.98,944.0
327.35986,925.0
327.73965,922.0
328.11942,939.0
328.49918,945.0
328.87885,958.0
329.25848,933.0
329.6381,942.0
330.01764,948.0
330.39716,952.0
330.77664,948.0
331.15607,940.0
331.53546,946.0
331.91483,953.0
332.29413,958.0
332.6734,951.0
333.05264,953.0
333.43182,959.0
333.81097,955.0
334.1901,963.0
334.56915,976.0
334.94818,962.0
335.32715,975.0
335.7061,971.0
336.08502,978.0
336.46387,968.0
336.84268,967.0
337.22147,984.0
337.60022,976.0
337.97888,976.0
338.35754,982.0
338.73618,985.0
339.11472,985.0
339.4933,990.0
339.87177,992.0
340.25018,992.0
340.6286,1007.0
341.00696,992.0
341.38528,1000.0
341.76358,1018.0
342.1418,1008.0
342.52002,1000.0
342.89816,1015.0
343.27628,1024.0
343.65436,1009.0
344.0324,1017.0
344.41037,1011.0
344.78833,1028.0
345.16623,1002.0
345.5441,1031.0
345.92194,1027.0
346.2997,1018.0
346.67743,1025.0
347.05515,1021.0
347.4328,1027.0
347.81042,1029.0
348.188,1009.0
348.56552,1027.0
348.943,1034.0
349.32047,1021.0
349.69788,1046.0
350.0752,1024.0
350.45255,1040.0
350.82983,1042.0
351.2071,1030.0
351.58426,1049.0
351.9614,1030.0
352.33853,1051.0
352.71558,1044.0
353.09262,1040.0
353.4696,1052.0
353.84656,1038.0
354.22345,1046.0
354.6003,1053.0
354.9771,1050.0
355.35388,1064.0
355.73065,1045.0
356.1073,1050.0
356.48395,1059.0
356.86057,1058.0
357.23712,1069.0
357.61365,1045.0
357.99014,1070.0
358.36655,1081.0
358.74298,1049.0
359.11932,1063.0
359.4956,1073.0
359.8719,1070.0
360.2481,1074.0
360.62427,1085.0
361.00043,1081.0
361.37653,1070.0
361.75256,1087.0
362.1286,1086.0
362.50455,1074.0
362.88046,1081.0
363.25635,1090.0
363.6322,1098.0
364.008,1083.0
364.38376,1088.0
364.75946,1100.0
365.1351,1092.0
365.51074,1103.0
365.88632,1098.0
366.26187,1087.0
366.6374,1100.0
367.01282,1089.0
367.38824,1105.0
367.7636,1102.0
368.13892,1087.0
368.51422,1103.0
368.88947,1102.0
369.26465,1104.0
369.63983,1106.0
370.01492,1101.0
370.38998,1123.0
370.76505,1114.0
371.14,1115.0
371.51495,1106.0
371.88986,1132.0
372.2647,1131.0
372.6395,1114.0
373.01428,1119.0
373.389,1122.0
373.76367,1124.0
374.13834,1115.0
374.5129,1121.0
374.88745,1109.0
375.262,1125.0
375.63644,1125.0
376.0109,1142.0
376.38525,1122.0
376.75958,1135.0
377.1339,1134.0
377.50815,1129.0
377.88232,1141.0
378.25653,1126.0
378.6306,1133.0
379.0047,1139.0
379.37875,1140.0
379.75272,1148.0
380.12665,1135.0
380.50058,1147.0
380.87442,1158.0
381.24823,1138.0
381.622,1151.0
381.99576,1159.0
382.36942,1148.0
382.74307,1148.0
383.11667,1168.0
383.49023,1160.0
383.86374,1152.0
384.2372,1155.0
384.61066,1163.0
384.984,1160.0
385.35733,1163.0
385.73065,1169.0
386.10388,1168.0
386.47708,1168.0
386.85028,1176.0
387.2234,1183.0
387.59644,1163.0
387.96948,1179.0
388.34247,1186.0
388.7154,1167.0
389.08832,1164.0
389.46118,1182.0
389.83398,1179.0
390.20676,1177.0
390.57947,1186.0
390.95215,1190.0
391.3248,1181.0
391.6974,1181.0
392.06995,1186.0
392.44244,1194.0
392.81488,1195.0
393.18732,1186.0
393.5597,1191.0
393.932,1186.0
394.30432,1188.0
394.67654,1186.0
395.04874,1199.0
395.4209,1206.0
395.793,1206.0
396.16504,1199.0
396.53708,1203.0
396.90906,1208.0
397.28098,1207.0
397.6529,1206.0
398.02472,1220.0
398.3965,1235.0
398.76828,1174.0
399.13998,1204.0
399.51166,1210.0
399.88327,1205.0
400.25485,1209.0
400.6264,1214.0
400.99786,1227.0
401.36932,1221.0
401.74072,1220.0
402.1121,1238.0
402.4834,1208.0
402.85468,1229.0
403.2259,1226.0
403.59705,1220.0
403.9682,1231.0
404.3393,1241.0
404.71033,1250.0
405.08133,1233.0
405.45227,1240.0
405.82318,1264.0
406.1941,1227.0
406.56488,1253.0
406.93567,1250.0
407.3064,1254.0
407.6771,1258.0
408.04776,1248.0
408.41833,1262.0
408.78888,1252.0
409.15942,1251.0
409.52988,1258.0
409.9003,1258.0
410.2707,1263.0
410.641,1263.0
411.0113,1251.0
411.38153,1276.0
411.75174,1280.0
412.1219,1274.0
412.492,1264.0
412.86206,1271.0
413.23206,1285.0
413.60205,1252.0
413.972,1276.0
414.34186,1286.0
414.7117,1276.0
415.08148,1282.0
415.45123,1281.0
415.82095,1272.0
416.1906,1286.0
416.56024,1284.0
416.9298,1287.0
417.29932,1285.0
417.66882,1283.0
418.03824,1294.0
418.40762,1283.0
418.777,1294.0
419.1463,1292.0
419.51553,1293.0
419.88477,1282.0
420.2539,1314.0
420.62302,1309.0
420.99213,1289.0
421.36115,1291.0
421.7301,1303.0
422.09906,1299.0
422.46796,1315.0
422.8368,1317.0
423.20563,1304.0
423.57437,1304.0
423.9431,1323.0
424.31177,1327.0
424.6804,1300.0
425.04898,1319.0
425.4175,1327.0
425.78598,1308.0
426.15445,1323.0
426.52283,1319.0
426.89117,1321.0
427.25946,1315.0
427.62778,1332.0
427.996,1341.0
428.36414,1308.0
428.73227,1335.0
429.10034,1335.0
429.46835,1319.0
429.8364,1343.0
430.20435,1339.0
430.5722,1338.0
430.94006,1346.0
431.30786,1337.0
431.6756,1339.0
432.0434,1337.0
432.41104,1345.0
432.77866,1353.0
433.14624,1344.0
433.51376,1346.0
433.88123,1351.0
434.24872,1348.0
434.61612,1345.0
434.98346,1362.0
435.35077,1363.0
435.71802,1357.0
436.08527,1360.0
436.45245,1371.0
436.81955,1361.0
437.1866,1376.0
437.55365,1365.0
437.92062,1387.0
438.28763,1358.0
438.6545,1381.0
439.02133,1377.0
439.38812,1373.0
439.75488,1390.0
440.12158,1395.0
440.4883,1385.0
440.85492,1390.0
441.2215,1381.0
441.588,1389.0
441.9545,1393.0
442.32092,1398.0
442.68738,1406.0
443.0537,1392.0
443.41998,1402.0
443.78625,1403.0
444.15244,1402.0
444.51865,1422.0
444.88477,1395.0
445.25082,1410.0
445.61685,1397.0
445.98282,1424.0
446.34872,1421.0
446.7147,1401.0
447.0805,1405.0
447.4463,1421.0
447.81204,1399.0
448.17773,1418.0
448.5434,1417.0
448.90906,1418.0
449.2746,1418.0
449.6401,1431.0
450.00558,1439.0
450.371,1422.0
450.7364,1426.0
451.10175,1453.0
451.46704,1425.0
451.83228,1435.0
452.19745,1432.0
452.56262,1443.0
452.92776,1441.0
453.29282,1450.0
453.65784,1450.0
454.02277,1457.0
454.3877,1447.0
454.75256,1457.0
455.11743,1447.0
455.4822,1452.0
455.84695,1449.0
456.2116,1455.0
456.57626,1456.0
456.94086,1464.0
457.30545,1484.0
457.66995,1461.0
458.0344,1460.0
458.3988,1474.0
458.76315,1458.0
459.12747,1468.0
459.4918,1473.0
459.85602,1477.0
460.22018,1469.0
460.58432,1490.0
460.9484,1502.0
461.3125,1468.0
461.67648,1485.0
462.04044,1495.0
462.40433,1475.0
462.76816,1485.0
463.13196,1484.0
463.4958,1492.0
463.8595,1481.0
464.22314,1501.0
464.58676,1497.0
464.95035,1492.0
465.31387,1509.0
465.6774,1516.0
466.04083,1496.0
466.40424,1509.0
466.76755,1524.0
467.13086,1517.0
467.49417,1503.0
467.85736,1535.0
468.22052,1521.0
468.58362,1511.0
468.94666,1504.0
469.3097,1523.0
469.6727,1521.0
470.03564,1537.0
470.3985,1510.0
470.76132,1525.0
471.1241,1534.0
471.48685,1531.0
471.84958,1539.0
472.21222,1534.0
472.57483,1553.0
472.93738,1536.0
473.29987,1540.0
473.66232,1535.0
474.02478,1538.0
474.38715,1549.0
474.74945,1539.0
475.11172,1552.0
475.47394,1563.0
475.83618,1537.0
476.1983,1553.0
476.5604,1562.0
476.92242,1546.0
477.28442,1553.0
477.64636,1559.0
478.0083,1557.0
478.37015,1562.0
478.73193,1560.0
479.0937,1567.0
479.4554,1555.0
479.81708,1571.0
480.17874,1573.0
480.5403,1570.0
480.90182,1570.0
481.2633,1585.0
481.62473,1586.0
481.9861,1578.0
482.3475,1587.0
482.70877,1588.0
483.07,1586.0
483.4312,1599.0
483.79236,1583.0
484.1535,1600.0
484.51456,1605.0
484.87558,1597.0
485.2365,1595.0
485.59744,1596.0
485.9583,1617.0
486.31918,1625.0
486.67993,1590.0
487.04065,1612.0
487.40134,1629.0
487.76196,1604.0
488.12256,1610.0
488.48315,1612.0
488.84363,1614.0
489.20407,1610.0
489.56448,1624.0
489.9248,1647.0
490.28513,1612.0
490.64545,1625.0
491.00565,1633.0
491.36578,1633.0
491.7259,1642.0
492.08597,1636.0
492.44604,1647.0
492.80603,1634.0
493.16595,1644.0
493.52582,1653.0
493.88565,1632.0
494.24542,1648.0
494.60522,1655.0
494.96494,1637.0
495.32455,1637.0
495.68414,1657.0
496.0437,1668.0
496.4032,1668.0
496.76273,1655.0
497.12213,1670.0
497.48148,1654.0
497.8408,1671.0
498.20007,1673.0
498.55927,1670.0
498.91852,1667.0
499.27765,1661.0
499.63672,1685.0
499.99573,1681.0
500.35474,1687.0
500.7137,1696.0
501.0726,1681.0
501.43146,1705.0
501.79022,1697.0
502.149,1685.0
502.5077,1695.0
502.8664,1707.0
503.225,1707.0
503.58356,1696.0
503.94208,1696.0
504.30054,1719.0
504.65894,1699.0
505.01736,1712.0
505.3757,1721.0
505.73398,1711.0
506.0922,1719.0
506.45038,1711.0
506.80856,1731.0
507.16666,1714.0
507.5247,1727.0
507.8827,1747.0
508.24063,1719.0
508.5985,1741.0
508.95642,1734.0
509.31424,1733.0
509.672,1746.0
510.0297,1735.0
510.38736,1742.0
510.74496,1742.0
511.1026,1748.0
511.4601,1757.0
511.81757,1740.0
512.175,1743.0
512.53235,1770.0
512.8897,1740.0
513.2471,1747.0
513.60425,1762.0
513.9615,1764.0
514.3186,1758.0
514.6757,1770.0
515.0328,1780.0
515.3898,1763.0
515.74677,1771.0
516.10364,1780.0
516.4605,1775.0
516.8173,1776.0
517.17413,1779.0
517.5308,1783.0
517.8875,1775.0
518.24414,1803.0
518.6007,1791.0
518.9572,1776.0
519.3138,1776.0
519.67017,1804.0
520.02655,1798.0
520.3829,1789.0
520.7392,1796.0
521.0954,1796.0
521.45166,1803.0
521.8078,1811.0
522.16394,1812.0
522.51996,1811.0
522.876,1817.0
523.232,1812.0
523.5879,1815.0
523.9437,1820.0
524.29956,1817.0
524.65533,1833.0
525.01105,1819.0
525.36676,1831.0
525.7224,1837.0
526.07794,1822.0
526.4335,1820.0
526.78894,1841.0
527.1444,1837.0
527.4998,1826.0
527.85516,1840.0
528.21045,1851.0
528.5657,1815.0
528.9209,1858.0
529.27606,1867.0
529.6312,1835.0
529.98627,1851.0
530.34125,1865.0
530.6962,1849.0
531.05115,1865.0
531.40607,1855.0
531.76086,1863.0
532.1156,1844.0
532.47034,1881.0
532.825,1871.0
533.1796,1862.0
533.5343,1879.0
533.8888,1866.0
534.2433,1874.0
534.5977,1885.0
534.9521,1852.0
535.30646,1884.0
535.66077,1871.0
536.015,1888.0
536.36926,1890.0
536.7234,1878.0
537.0775,1895.0
537.4315,1909.0
537.7856,1879.0
538.1395,1893.0
538.49347,1906.0
538.84735,1900.0
539.2012,1889.0
539.555,1907.0
539.9087,1920.0
540.2624,1903.0
540.61597,1911.0
540.96954,1933.0
541.3231,1900.0
541.67664,1922.0
542.0301,1909.0
542.3835,1932.0
542.7368,1918.0
543.0901,1932.0
543.44336,1943.0
543.79663,1915.0
544.1497,1931.0
544.50287,1953.0
544.8559,1918.0
545.2089,1944.0
545.56195,1956.0
545.91486,1938.0
546.2677,1933.0
546.6205,1958.0
546.97327,1966.0
547.326,1941.0
547.6787,1952.0
548.0314,1960.0
548.3839,1950.0
548.73645,1969.0
549.0889,1964.0
549.4414,1967.0
549.7938,1958.0
550.1462,1976.0
550.4985,1974.0
550.8507,1950.0
551.2029,1959.0
551.55505,1978.0
551.9072,1970.0
552.2593,1972.0
552.61127,1979.0
552.96326,1961.0
553.3151,1976.0
553.66705,1989.0
554.01886,2001.0
554.37067,1986.0
554.72235,1993.0
555.07404,1993.0
555.42566,1989.0
555.7773,1987.0
556.12885,2001.0
556.48035,2003.0
556.8318,2015.0
557.18317,1998.0
557.5345,2025.0
557.88586,1994.0
558.23706,2011.0
558.58826,2020.0
558.93945,1998.0
559.2905,2011.0
559.6416,2011.0
559.9927,2005.0
560.3436,2010.0
560.6945,2030.0
561.04535,2042.0
561.3962,2018.0
561.747,2031.0
562.0977,2032.0
562.4484,2030.0
562.799,2033.0
563.1496,2035.0
563.5001,2045.0
563.8507,2048.0
564.2011,2049.0
564.5515,2046.0
564.90186,2036.0
565.25214,2049.0
565.60236,2065.0
565.95264,2042.0
566.3028,2036.0
566.6529,2064.0
567.0029,2071.0
567.35297,2057.0
567.7029,2077.0
568.05286,2077.0
568.4027,2058.0
568.75256,2081.0
569.1023,2074.0
569.452,2075.0
569.80176,2065.0
570.15137,2084.0
570.501,2095.0
570.8505,2092.0
571.2,2097.0
571.54944,2107.0
571.89886,2096.0
572.2482,2113.0
572.5975,2101.0
572.9468,2097.0
573.29596,2094.0
573.6451,2108.0
573.99426,2102.0
574.3433,2095.0
574.6923,2120.0
575.04126,2132.0
575.3902,2109.0
575.739,2116.0
576.0879,2119.0
576.43665,2113.0
576.7854,2129.0
577.13403,2110.0
577.48267,2124.0
577.83136,2124.0
578.17993,2129.0
578.5284,2150.0
578.87683,2120.0
579.2252,2140.0
579.57355,2148.0
579.9218,2135.0
580.2701,2143.0
580.6183,2145.0
580.96643,2147.0
581.3145,2156.0
581.6626,2149.0
582.01074,2166.0
582.35864,2134.0
582.7066,2143.0
583.05444,2168.0
583.4023,2137.0
583.75,2149.0
584.0978,2163.0
584.44543,2169.0
584.793,2159.0
585.1406,2159.0
585.48816,2163.0
585.83575,2156.0
586.1832,2180.0
586.5306,2164.0
586.8779,2182.0
587.2252,2201.0
587.5725,2171.0
587.9197,2174.0
588.26685,2183.0
588.61395,2193.0
588.961,2196.0
589.308,2183.0
589.65497,2192.0
590.002,2213.0
590.3489,2180.0
590.6957,2192.0
591.0425,2202.0
591.38916,2215.0
591.73584,2196.0
592.08246,2203.0
592.4291,2225.0
592.7756,2206.0
593.1221,2229.0
593.4685,2230.0
593.81506,2209.0
594.1614,2222.0
594.5077,2226.0
594.85394,2243.0
595.20013,2217.0
595.54626,2235.0
595.8924,2250.0
596.23846,2208.0
596.5845,2237.0
596.9304,2251.0
597.27637,2251.0
597.6222,2252.0
597.96814,2229.0
598.3139,2250.0
598.65967,2242.0
599.0054,2260.0
599.35095,2254.0
599.69653,2257.0
600.0421,2241.0
600.3876,2259.0
600.73303,2260.0
601.0784,2266.0
601.42377,2265.0
601.76917,2261.0
602.11444,2256.0
602.45966,2261.0
602.8048,2287.0
603.1499,2257.0
603.495,2269.0
603.84,2279.0
604.185,2279.0
604.5299,2294.0
604.87476,2268.0
605.2196,2296.0
605.5644,2293.0
605.90924,2281.0
606.2539,2281.0
606.5986,2278.0
606.9432,2284.0
607.2877,2310.0
607.6322,2292.0
607.9766,2294.0
608.32104,2301.0
608.6654,2305.0
609.0097,2295.0
609.35394,2316.0
609.6983,2310.0
610.0425,2301.0
610.3866,2317.0
610.73065,2304.0
611.0747,2307.0
611.41864,2318.0
611.7626,2315.0
612.10645,2324.0
612.4503,2308.0
612.79407,2341.0
613.1378,2337.0
613.4815,2318.0
613.8253,2330.0
614.1689,2354.0
614.51245,2336.0
614.85596,2333.0
615.1994,2347.0
615.54285,2364.0
615.88617,2323.0
616.2295,2372.0
616.57275,2368.0
616.916,2333.0
617.25916,2353.0
617.6024,2383.0
617.9455,2362.0
618.2885,2368.0
618.63153,2359.0
618.9745,2379.0
619.3174,2371.0
619.6602,2376.0
620.003,2378.0
620.34576,2372.0
620.6885,2385.0
621.0311,2384.0
621.37384,2371.0
621.71643,2389.0
622.0589,2372.0
622.40137,2371.0
622.74384,2380.0
623.0862,2397.0
623.4285,2394.0
623.7708,2381.0
624.11304,2387.0
624.4552,2388.0
624.79736,2372.0
625.13947,2397.0
625.4816,2393.0
625.8236,2420.0
626.1656,2399.0
626.50745,2406.0
626.8493,2409.0
627.19116,2385.0
627.5329,2410.0
627.87463,2423.0
628.2163,2392.0
628.5579,2413.0
628.8995,2410.0
629.24115,2410.0
629.58264,2404.0
629.9241,2432.0
630.26544,2436.0
630.6068,2405.0
630.94806,2412.0
631.2893,2445.0
631.63055,2410.0
631.9717,2426.0
632.3128,2424.0
632.6539,2435.0
632.9949,2430.0
633.33594,2436.0
633.6769,2452.0
634.01776,2450.0
634.3586,2465.0
634.69934,2448.0
635.0401,2449.0
635.3808,2451.0
635.72144,2443.0
636.062,2451.0
636.4026,2455.0
636.74304,2471.0
637.0836,2470.0
637.424,2453.0
637.7644,2460.0
638.10474,2482.0
638.44495,2467.0
638.7852,2469.0
639.12537,2490.0
639.4655,2484.0
639.80554,2473.0
640.1456,2484.0
640.4856,2499.0
640.82556,2465.0
641.1655,2476.0
641.5054,2495.0
641.8452,2477.0
642.18494,2493.0
642.52466,2496.0
642.8643,2485.0
643.2039,2478.0
643.54346,2515.0
643.883,2509.0
644.2225,2488.0
644.5619,2503.0
644.9014,2494.0
645.2407,2495.0
645.58,2511.0
645.91925,2486.0
646.2585,2503.0
646.5976,2515.0
646.9367,2518.0
647.27576,2530.0
647.6148,2499.0
647.95374,2521.0
648.29266,2528.0
648.63153,2511.0
648.97046,2518.0
649.30927,2527.0
649.64795,2518.0
649.98663,2517.0
650.3253,2543.0
650.6639,2548.0
651.00244,2515.0
651.34094,2534.0
651.6794,2553.0
652.01776,2522.0
652.35614,2530.0
652.6946,2535.0
653.03284,2545.0
653.3711,2555.0
653.7092,2537.0
654.04736,2545.0
654.38544,2555.0
654.7235,2553.0
655.06146,2549.0
655.3994,2547.0
655.7373,2547.0
656.07513,2568.0
656.41296,2559.0
656.75085,2553.0
657.08856,2562.0
657.4262,2567.0
657.76385,2553.0
658.1014,2573.0
658.4389,2558.0
658.7764,2577.0
659.11383,2580.0
659.45123,2565.0
659.7886,2587.0
660.12585,2585.0
660.46326,2578.0
660.8004,2597.0
661.13763,2570.0
661.47473,2591.0
661.81177,2593.0
662.1488,2574.0
662.4858,2590.0
662.8227,2579.0
663.1596,2596.0
663.4964,2593.0
663.8332,2606.0
664.1699,2628.0
664.5068,2578.0
664.84344,2601.0
665.18005,2606.0
665.5166,2577.0
665.8531,2601.0
666.1896,2620.0
666.526,2606.0
666.86237,2612.0
667.19867,2606.0
667.535,2621.0
667.8712,2609.0
668.2075,2624.0
668.5437,2623.0
668.87976,2613.0
669.2158,2616.0
669.5518,2622.0
669.8878,2628.0
670.2237,2636.0
670.5596,2620.0
670.89545,2640.0
671.2312,2635.0
671.56696,2642.0
671.90265,2635.0
672.2384,2634.0
672.574,2629.0
672.90955,2649.0
673.24506,2651.0
673.5805,2638.0
673.9159,2654.0
674.2513,2653.0
674.5866,2630.0
674.9219,2645.0
675.25714,2654.0
675.5923,2654.0
675.92755,2651.0
676.2627,2670.0
676.5977,2654.0
676.93274,2652.0
677.2677,2665.0
677.6026,2680.0
677.93744,2645.0
678.2723,2669.0
678.60706,2678.0
678.9418,2645.0
679.2765,2661.0
679.6111,2670.0
679.9458,2669.0
680.2804,2663.0
680.61487,2671.0
680.94934,2687.0
681.28375,2664.0
681.6181,2667.0
681.95245,2680.0
682.28674,2690.0
682.621,2686.0
682.95514,2675.0
683.2893,2667.0
683.6235,2673.0
683.9576,2676.0
684.29156,2694.0
684.6255,2662.0
684.9594,2676.0
685.2933,2691.0
685.62714,2679.0
685.9609,2691.0
686.2946,2694.0
686.6283,2693.0
686.962,2690.0
687.2956,2704.0
687.6293,2716.0
687.96277,2679.0
688.2962,2697.0
688.62964,2715.0
688.963,2705.0
689.2963,2716.0
689.62964,2705.0
689.9628,2719.0
690.296,2712.0
690.6292,2717.0
690.9623,2719.0
691.2955,2721.0
691.6285,2723.0
691.9614,2727.0
692.2944,2718.0
692.62726,2728.0
692.9601,2735.0
693.29285,2731.0
693.6256,2718.0
693.9583,2746.0
694.29095,2747.0
694.6236,2717.0
694.95624,2734.0
695.28876,2757.0
695.6213,2735.0
695.9537,2742.0
696.2861,2743.0
696.6184,2752.0
696.9507,2726.0
697.28296,2749.0
697.6152,2763.0
697.9473,2735.0
698.2794,2742.0
698.6115,2763.0
698.94366,2750.0
699.27563,2768.0
699.60754,2756.0
699.93945,2773.0
700.2713,2734.0
700.6031,2753.0
700.9349,2750.0
701.2666,2749.0
701.59827,2754.0
701.9299,2758.0
702.2615,2754.0
702.59314,2753.0
702.9246,2754.0
703.25604,2778.0
703.58746,2764.0
703.9188,2771.0
704.2501,2777.0
704.5814,2754.0
704.9126,2773.0
705.2438,2771.0
705.57495,2771.0
705.906,2789.0
706.23706,2755.0
706.5682,2774.0
706.8992,2779.0
707.23004,2779.0
707.5609,2782.0
707.8918,2765.0
708.22253,2791.0
708.5533,2794.0
708.884,2760.0
709.2146,2782.0
709.5452,2785.0
709.8758,2797.0
710.2064,2792.0
710.53687,2792.0
710.8673,2799.0
711.1977,2784.0
711.528,2805.0
711.85834,2807.0
712.1886,2787.0
712.5188,2800.0
712.84894,2813.0
713.1791,2816.0
713.50916,2803.0
713.8392,2822.0
714.1693,2830.0
714.4992,2798.0
714.8291,2817.0
715.159,2829.0
715.4888,2811.0
715.81854,2817.0
716.1483,2820.0
716.47797,2823.0
716.8076,2802.0
717.1372,2822.0
717.46674,2817.0
717.7964,2831.0
718.1258,2828.0
718.45526,2835.0
718.7846,2815.0
719.11395,2825.0
719.44324,2837.0
719.77246,2834.0
720.1017,2822.0
720.43085,2836.0
720.75995,2846.0
721.089,2817.0
721.418,2831.0
721.74713,2839.0
722.07605,2831.0
722.40497,2843.0
722.73376,2843.0
723.0626,2853.0
723.39136,2841.0
723.7201,2866.0
724.04877,2848.0
724.3774,2845.0
724.706,2855.0
725.03455,2850.0
725.36316,2844.0
725.6916,2854.0
726.02,2849.0
726.3484,2832.0
726.6767,2846.0
727.005,2855.0
727.33325,2861.0
727.66144,2838.0
727.98956,2851.0
728.3177,2877.0
728.64575,2841.0
728.97375,2857.0
729.3019,2854.0
729.6298,2853.0
729.9577,2866.0
730.2856,2857.0
730.61334,2861.0
730.94116,2849.0
731.26886,2873.0
731.59656,2867.0
731.9242,2870.0
732.2518,2868.0
732.5793,2872.0
732.9069,2869.0
733.2344,2871.0
733.5618,2876.0
733.8892,2878.0
734.21655,2862.0
734.5438,2880.0
734.8711,2888.0
735.19824,2847.0
735.52545,2862.0
735.85254,2894.0
736.1796,2882.0
736.50665,2870.0
736.83374,2885.0
737.1607,2897.0
737.4876,2876.0
737.8145,2891.0
738.1413,2880.0
738.4681,2875.0
738.7948,2882.0
739.1215,2881.0
739.4482,2897.0
739.7748,2885.0
740.1013,2900.0
740.428,2908.0
740.75446,2868.0
741.0809,2894.0
741.4073,2894.0
741.73364,2872.0
742.05994,2871.0
742.3862,2897.0
742.7124,2901.0
743.03864,2885.0
743.36475,2897.0
743.69086,2912.0
744.0169,2876.0
744.343,2899.0
744.669,2908.0
744.99493,2889.0
745.3208,2895.0
745.64667,2895.0
745.9724,2898.0
746.2982,2887.0
746.6239,2900.0
746.9496,2923.0
747.2752,2876.0
747.6008,2905.0
747.92645,2898.0
748.25195,2897.0
748.57745,2900.0
748.90283,2901.0
749.2282,2906.0
749.5535,2900.0
749.87885,2911.0
750.2041,2922.0
750.5293,2892.0
750.8545,2918.0
751.17957,2910.0
751.5047,2890.0
751.82983,2907.0
752.15485,2913.0
752.4798,2923.0
752.8047,2916.0
753.1296,2913.0
753.4544,2927.0
753.77924,2890.0
754.10394,2899.0
754.42865,2924.0
754.7533,2911.0
755.07794,2912.0
755.40265,2905.0
755.7272,2918.0
756.0517,2913.0
756.37616,2913.0
756.70056,2927.0
757.0249,2903.0
757.34924,2928.0
757.6735,2925.0
757.9978,2904.0
758.32196,2910.0
758.6462,2928.0
758.9703,2921.0
759.2945,2904.0
759.6185,2924.0
759.9425,2936.0
760.2665,2913.0
760.5904,2922.0
760.91425,2931.0
761.2381,2914.0
761.5619,2929.0
761.8856,2936.0
762.20935,2928.0
762.533,2907.0
762.85675,2918.0
763.1803,2928.0
763.50385,2913.0
763.8274,2925.0
764.1508,2923.0
764.47424,2944.0
764.7976,2943.0
765.121,2922.0
765.4443,2923.0
765.7675,2911.0
766.0907,2940.0
766.414,2955.0
766.7372,2916.0
767.06024,2923.0
767.3833,2947.0
767.7063,2933.0
768.02924,2945.0
768.3522,2947.0
768.67505,2948.0
768.9979,2944.0
769.32074,2949.0
769.6435,2957.0
769.9662,2926.0
770.289,2936.0
770.61163,2965.0
770.93427,2941.0
771.2568,2952.0
771.57935,2949.0
771.9018,2965.0
772.22424,2947.0
772.54663,2961.0
772.869,2960.0
773.1913,2950.0
773.51355,2958.0
773.83594,2963.0
774.15814,2960.0
774.4803,2971.0
774.80237,2957.0
775.12445,2967.0
775.4465,2975.0
775.7685,2966.0
776.09045,2967.0
776.41235,2956.0
776.7342,2975.0
777.056,2979.0
777.3778,2958.0
777.6997,2952.0
778.02136,2989.0
778.3431,2987.0
778.6647,2960.0
778.98627,2985.0
779.3078,2991.0
779.62933,2961.0
779.9508,2968.0
780.2722,2986.0
780.5936,2979.0
780.915,2981.0
781.2364,2982.0
781.5577,2996.0
781.87885,2964.0
782.2001,2995.0
782.5212,2989.0
782.8423,2973.0
783.1634,2989.0
783.4844,2988.0
783.80536,2986.0
784.12634,2991.0
784.44727,2980.0
784.7681,2986.0
785.08905,2976.0
785.40985,2998.0
785.7306,3005.0
786.0513,2973.0
786.37195,2992.0
786.69257,2983.0
787.0132,2995.0
787.33374,3003.0
787.65424,2979.0
787.9747,2990.0
788.2951,2996.0
788.61566,3000.0
788.936,3011.0
789.2563,2987.0
789.5766,3003.0
789.8968,3004.0
790.217,2984.0
790.5372,3002.0
790.85724,3006.0
791.17737,3004.0
791.4974,2992.0
791.8174,2997.0
792.1373,3015.0
792.45734,2982.0
792.7772,3000.0
793.0971,3027.0
793.4169,2993.0
793.73663,3012.0
794.05634,3015.0
794.37604,3015.0
794.6957,3012.0
795.01526,3019.0
795.33484,3037.0
795.65436,3012.0
795.974,3020.0
796.29346,3029.0
796.61285,3009.0
796.9322,3017.0
797.2515,3021.0
797.5708,3030.0
797.8901,3006.0
798.2093,3029.0
798.52844,3020.0
798.8476,3031.0
799.1667,3025.0
799.4858,3025.0
799.80493,3010.0
800.1239,3011.0
800.4428,3018.0
800.7617,3027.0
801.08057,3006.0
801.3994,3035.0
801.7182,3038.0
802.037,3006.0
802.35565,3012.0
802.6743,3035.0
802.993,3008.0
803.3117,3017.0
803.63025,3026.0
803.9488,3021.0
804.2673,3014.0
804.5857,3051.0
804.9041,3046.0
805.2225,3013.0
805.5408,3018.0
805.8591,3037.0
806.1773,3014.0
806.49554,3030.0
806.8137,3028.0
807.13196,3039.0
807.4501,3025.0
807.7681,3050.0
808.0861,3051.0
808.4041,3021.0
808.72205,3038.0
809.04,3035.0
809.35785,3033.0
809.67566,3037.0
809.99347,3026.0
810.3112,3028.0
810.629,3040.0
810.9467,3038.0
811.2644,3050.0
811.582,3034.0
811.89954,3050.0
812.21704,3034.0
812.53455,3039.0
812.852,3038.0
813.16943,3041.0
813.4868,3046.0
813.80414,3036.0
814.12146,3041.0
814.43884,3055.0
814.75604,3028.0
815.07324,3045.0
815.3904,3054.0
815.7075,3020.0
816.0246,3033.0
816.3416,3050.0
816.6586,3059.0
816.9756,3034.0
817.2925,3060.0
817.6094,3071.0
817.9264,3028.0
818.24316,3064.0
818.55994,3046.0
818.8767,3053.0
819.1934,3048.0
819.5101,3050.0
819.8267,3055.0
820.1433,3047.0
820.45984,3042.0
820.77637,3054.0
821.09283,3045.0
821.4093,3057.0
821.7258,3053.0
822.0422,3051.0
822.3585,3053.0
822.6748,3059.0
822.9911,3060.0
823.30725,3037.0
823.6235,3066.0
823.93964,3069.0
824.25574,3028.0
824.5718,3057.0
824.8878,3063.0
825.204,3049.0
825.5199,3057.0
825.8358,3061.0
826.15173,3071.0
826.4676,3059.0
826.7834,3065.0
827.0992,3077.0
827.4149,3041.0
827.7306,846.0
828.04626,55.0
828.36194,58.0
828.67755,53.0
828.9932,57.0
829.3087,56.0
829.6242,1113.0
829.9397,3055.0
830.25507,280.0
830.5705,53.0
830.8858,56.0
831.2011,55.0
831.5164,62.0
831.8316,56.0
832.14685,47.0
832.4621,61.0
832.7772,53.0
833.0923,57.0
833.40735,55.0
833.7224,54.0
834.03735,51.0
834.3523,55.0
834.66724,53.0
834.9821,54.0
835.29694,38.0
835.61176,56.0
835.92664,47.0
836.24133,61.0
836.556,60.0
836.8707,43.0
837.1853,56.0
837.49994,63.0
837.81445,59.0
838.12897,60.0
838.4435,56.0
838.7579,60.0
839.0723,53.0
839.38666,61.0
839.7012,48.0
840.01544,56.0
840.3297,61.0
840.6439,52.0
840.9581,49.0
841.2723,63.0
841.5864,47.0
841.9005,57.0
842.2146,56.0
842.52856,59.0
842.8426,61.0
843.1566,48.0
843.4706,55.0
843.7844,60.0
844.09827,47.0
844.4121,53.0
844.7259,51.0
845.0396,57.0
845.3533,51.0
845.667,61.0
845.9806,55.0
846.2942,45.0
846.6078,56.0
846.92145,59.0
847.2349,48.0
847.54834,50.0
847.8618,57.0
848.1752,57.0
848.4885,55.0
848.8019,59.0
849.1151,62.0
849.4284,56.0
849.7416,51.0
850.0548,57.0
850.36804,59.0
850.68115,50.0
850.99426,51.0
851.3073,59.0
851.6203,53.0
851.9333,55.0
852.2462,49.0
852.55914,55.0
852.872,61.0
853.1848,58.0
853.4976,58.0
853.8104,44.0
854.1232,55.0
854.436,59.0
854.7486,53.0
855.0613,58.0
855.37384,58.0
855.6864,47.0
855.99896,55.0
856.31146,58.0
856.6239,60.0
856.93634,44.0
857.2487,64.0
857.5612,48.0
857.87354,44.0
858.1858,64.0
858.4981,60.0
858.8103,47.0
859.1225,57.0
859.43463,58.0
859.74677,63.0
860.05884,57.0
860.3709,52.0
860.6829,55.0
860.99493,53.0
861.307,58.0
861.6189,64.0
861.9308,49.0
862.2427,53.0
862.5545,59.0
862.8663,58.0
863.17804,47.0
863.48975,47.0
863.80145,55.0
864.1131,52.0
864.4247,57.0
864.7364,49.0
865.048,51.0
865.3595,59.0
865.67096,54.0
865.9824,62.0
866.2938,64.0
866.6052,49.0
866.91656,59.0
867.2279,62.0
867.5392,55.0
867.85046,50.0
868.1617,49.0
868.473,55.0
868.7842,50.0
869.0953,50.0
869.4064,54.0
869.7174,54.0
870.02844,58.0
870.3394,54.0
870.6504,63.0
870.9613,64.0
871.2722,47.0
871.58307,59.0
871.89404,59.0
872.20483,56.0
872.5156,52.0
872.82635,57.0
873.137,59.0
873.4477,56.0
873.75836,58.0
874.069,46.0
874.3795,56.0
874.69006,60.0
875.00055,51.0
875.31104,58.0
875.6216,53.0
875.932,49.0
876.2424,58.0
876.55273,57.0
876.86304,57.0
877.17334,58.0
877.4836,41.0
877.7938,60.0
878.104,54.0
878.4141,60.0
878.72424,53.0
879.0345,46.0
879.34454,59.0
879.65454,55.0
879.96454,47.0
880.27454,60.0
880.5844,41.0
880.89435,57.0
881.2042,62.0
881.51404,54.0
881.82385,45.0
882.1336,54.0
882.44336,57.0
882.7532,52.0
883.06287,60.0
883.3725,56.0
883.6821,45.0
883.9917,57.0
884.3013,60.0
884.6108,53.0
884.9203,48.0
885.22974,54.0
885.5392,50.0
885.8486,52.0
886.158,52.0
886.4674,57.0
886.7767,42.0
887.08594,52.0
887.3952,55.0
887.7044,55.0
888.0136,57.0
888.32275,53.0
888.63184,53.0
888.941,55.0
889.25,60.0
889.559,58.0
889.86816,51.0
890.1771,57.0
890.486,55.0
890.7949,55.0
891.1038,47.0
891.41266,51.0
891.72144,57.0
892.0302,56.0
892.339,62.0
892.6477,63.0
892.9564,41.0
893.2652,53.0
893.5738,63.0
893.8824,53.0
894.191,52.0
894.4995,53.0
894.808,56.0
895.11646,55.0
895.4249,57.0
895.73334,50.0
896.0417,55.0
896.3501,51.0
896.6584,44.0
896.9668,62.0
897.2751,62.0
897.5833,44.0
897.8915,55.0
898.1997,55.0
898.5078,56.0
898.8159,55.0
899.124,51.0
899.43207,54.0
899.7401,58.0
900.0481,58.0
900.3562,51.0
900.6641,54.0
900.97205,59.0
901.2799,55.0
901.58777,63.0
901.89557,47.0
902.20337,43.0
902.5111,54.0
902.81885,64.0
903.1265,53.0
903.4342,48.0
903.742,49.0
904.04956,52.0
904.3572,53.0
904.66473,57.0
904.9722,58.0
905.2797,51.0
905.5872,52.0
905.89465,57.0
906.202,56.0
906.5094,58.0
906.8168,45.0
907.1241,54.0
907.4315,57.0
907.7388,45.0
908.046,49.0
908.3532,53.0
908.6604,60.0
908.9675,52.0
909.27466,57.0
909.5817,49.0
909.8888,55.0
910.1958,70.0
910.5028,45.0
910.80994,60.0
911.1169,60.0
911.42377,48.0
911.73065,55.0
912.03754,53.0
912.34436,61.0
912.6512,49.0
912.95795,35.0
913.2647,62.0
913.5714,55.0
913.8781,61.0
914.18475,50.0
914.4915,54.0
914.79816,56.0
915.10474,53.0
915.41125,64.0
915.7178,55.0
916.02423,41.0
916.33075,52.0
916.63715,53.0
916.9437,59.0
917.25006,58.0
917.55646,51.0
917.86273,57.0
918.16907,51.0
918.47534,39.0
918.78156,62.0
919.08777,51.0
919.394,57.0
919.70013,54.0
920.0063,63.0
920.3124,63.0
920.6186,48.0
920.9246,53.0
921.23065,64.0
921.5366,46.0
921.8426,49.0
922.14856,51.0
922.45447,57.0
922.7603,61.0
923.06616,58.0
923.372,58.0
923.67786,48.0
923.9837,51.0
924.2895,63.0
924.5952,57.0
924.9009,52.0
925.20654,53.0
925.5122,61.0
925.8178,49.0
926.1234,62.0
926.42896,56.0
926.7345,54.0
927.04,56.0
927.34546,53.0
927.65106,55.0
927.9565,51.0
928.26184,56.0
928.56726,53.0
928.87256,51.0
929.1779,53.0
929.4832,54.0
929.78845,57.0
930.0937,56.0
930.3989,55.0
930.7041,60.0
931.0094,49.0
931.3145,52.0
931.6196,60.0
931.9247,55.0
932.22974,57.0
932.5348,58.0
932.8398,58.0
933.1448,59.0
933.4497,50.0
933.75464,61.0
934.0595,57.0
934.3644,51.0
934.6694,50.0
934.9742,47.0
935.279,61.0
935.58374,57.0
935.8885,43.0
936.19324,57.0
936.4979,51.0
936.80255,58.0
937.1072,49.0
937.4118,58.0
937.7164,54.0
938.02106,56.0
938.3256,63.0
938.6301,57.0
938.93463,51.0
939.2391,55.0
939.5435,57.0
939.8479,56.0
940.1523,50.0
940.45667,53.0
940.761,58.0
941.0653,54.0
941.36957,61.0
941.67395,57.0
941.9782,51.0
942.2824,54.0
942.58655,48.0
942.89075,58.0
943.1949,62.0
943.49896,46.0
943.80304,53.0
944.1071,62.0
944.41113,57.0
944.71515,55.0
945.0193,45.0
945.32324,61.0
945.62714,48.0
945.931,45.0
946.2349,41.0
946.5388,60.0
946.84265,60.0
947.1464,55.0
947.4502,56.0
947.75397,55.0
948.05774,47.0
948.36145,60.0
948.6652,47.0
948.96893,55.0
949.2725,53.0
949.5762,49.0
949.87976,54.0
950.18335,58.0
950.4869,60.0
950.7904,56.0
951.0939,43.0
951.39734,59.0
951.7008,47.0
952.00433,55.0
952.30774,47.0
952.6111,57.0
952.9144,59.0
953.2178,51.0
953.52106,58.0
953.82434,61.0
954.1276,35.0
954.43085,53.0
954.7341,59.0
955.03723,56.0
955.3404,47.0
955.6437,56.0
955.9468,57.0
956.2499,44.0
956.5529,52.0
956.85596,65.0
957.159,47.0
957.462,55.0
957.76495,60.0
958.06793,55.0
958.37085,54.0
958.6737,49.0
958.97675,55.0
959.2796,57.0
959.5824,54.0
959.88525,57.0
960.18805,47.0
960.4908,54.0
960.7935,50.0
961.09625,62.0
961.3989,48.0
961.7016,52.0
962.0043,54.0
962.3069,60.0
962.6096,56.0
962.9122,54.0
963.2147,47.0
963.5173,55.0
963.8198,60.0
964.1223,55.0
964.42474,41.0
964.72723,57.0
965.02966,55.0
965.33203,53.0
965.6344,62.0
965.9369,55.0
966.23926,45.0
966.54156,53.0
966.8438,50.0
967.1461,54.0
967.4483,51.0
967.75055,57.0
968.05273,61.0
968.3549,61.0
968.6571,59.0
968.9592,51.0
969.26135,60.0
969.56354,55.0
969.8656,49.0
970.16766,57.0
970.4697,49.0
970.7717,54.0
971.07367,57.0
971.3757,58.0
971.6776,60.0
971.9795,62.0
972.2814,43.0
972.58325,48.0
972.88525,43.0
973.1871,58.0
973.4889,55.0
973.79065,58.0
974.0924,57.0
974.39417,51.0
974.6959,59.0
974.9976,58.0
975.29926,50.0
975.60095,57.0
975.9026,59.0
976.2042,61.0
976.5059,50.0
976.8075,54.0
977.1091,58.0
977.4106,56.0
977.7121,62.0
978.0136,62.0
978.31506,39.0
978.6165,54.0
978.9179,55.0
979.21936,57.0
979.52075,61.0
979.8222,48.0
980.1236,59.0
980.4249,60.0
980.7262,55.0
981.02747,49.0
981.32874,49.0
981.63,56.0
981.9312,53.0
982.2324,58.0
982.53357,65.0
982.8348,47.0
983.13605,59.0
983.43713,52.0
983.7383,50.0
984.0393,51.0
984.3404,51.0
984.6414,59.0
984.94244,56.0
985.24347,56.0
985.54443,60.0
985.8454,54.0
986.14636,59.0
986.44727,49.0
986.7483,58.0
987.0492,51.0
987.35004,53.0
987.6509,57.0
987.9517,55.0
988.2525,59.0
988.5533,43.0
988.85406,56.0
989.15485,53.0
989.45557,43.0
989.7562,60.0
990.05707,61.0
990.3577,46.0
990.6584,56.0
990.959,56.0
991.25964,59.0
991.5602,63.0
991.8608,50.0
992.1613,64.0
992.46185,58.0
992.7624,57.0
993.06287,49.0
993.36334,49.0
993.66394,55.0
993.96436,57.0
994.2648,47.0
994.5652,54.0
994.86554,56.0
995.16595,58.0
995.46625,48.0
995.7666,63.0
996.0669,66.0
996.3672,42.0
996.6675,51.0
996.96783,58.0
997.26807,46.0
997.5683,50.0
997.86847,57.0
998.16864,60.0
998.4688,57.0
998.7689,59.0
999.0691,47.0
999.3692,50.0
999.66925,48.0
999.96936,55.0
1000.2694,55.0
1000.5695,62.0
1000.86957,46.0
1001.16956,52.0
1001.46954,60.0
1001.7695,59.0
1002.06946,57.0
1002.3694,55.0
1002.66925,56.0
1002.9691,53.0
1003.269,59.0
1003.56885,56.0
1003.86884,56.0
1004.16864,57.0
1004.46844,57.0
1004.76825,53.0
1005.068,52.0
1005.36774,57.0
1005.6675,55.0
1005.96716,55.0
1006.26685,57.0
1006.5665,46.0
1006.8662,54.0
1007.16583,63.0
1007.46564,57.0
1007.7652,55.0
1008.0648,58.0
1008.3644,56.0
1008.66394,60.0
1008.9635,51.0
1009.263,58.0
1009.5625,56.0
1009.862,57.0
1010.1615,54.0
1010.46094,43.0
1010.7605,62.0
1011.05994,64.0
1011.3593,42.0
1011.6587,54.0
1011.95807,53.0
1012.25745,59.0
1012.55676,49.0
1012.8561,53.0
1013.1554,59.0
1013.4547,57.0
1013.75397,59.0
1014.0532,56.0
1014.3526,45.0
1014.6518,55.0
1014.951,50.0
1015.2502,58.0
1015.5494,48.0
1015.8486,52.0
1016.1477,59.0
1016.44684,55.0
1016.7459,64.0
1017.04504,59.0
1017.3441,46.0
1017.6433,58.0
1017.9423,56.0
1018.2414,60.0
1018.5404,48.0
1018.8394,51.0
1019.13837,56.0
1019.4373,58.0
1019.7363,59.0
1020.0352,56.0
1020.33417,46.0
1020.63306,49.0
1020.93195,49.0
1021.23096,51.0
1021.52985,53.0
1021.8287,43.0
1022.1275,56.0
1022.42633,54.0
1022.72516,58.0
1023.0239,53.0
1023.3227,53.0
1023.6214,60.0
1023.92017,52.0
1024.2189,60.0
1024.5177,47.0
1024.8164,56.0
1025.1151,57.0
1025.4138,55.0
1025.7124,60.0
1026.0111,45.0
1026.3097,56.0
1026.6083,59.0
1026.9069,50.0
1027.2054,62.0
1027.504,56.0
1027.8026,51.0
1028.1012,56.0
1028.3997,57.0
1028.6982,56.0
1028.9967,61.0
1029.2952,47.0
1029.5936,56.0
1029.8921,52.0
1030.1906,57.0
1030.4889,47.0
1030.7874,51.0
1031.0857,57.0
1031.3843,53.0
1031.6826,60.0
1031.981,64.0
1032.2793,48.0
1032.5776,53.0
1032.8759,55.0
1033.1742,62.0
1033.4724,56.0
1033.7708,52.0
1034.069,57.0
1034.3672,61.0
1034.6654,55.0
1034.9637,51.0
1035.262,49.0
1035.5602,59.0
1035.8583,55.0
1036.1565,58.0
1036.4546,55.0
1036.7527,49.0
1037.0509,53.0
1037.349,54.0
1037.6471,54.0
1037.9451,56.0
1038.2433,49.0
1038.5414,60.0
1038.8394,53.0
1039.1375,57.0
1039.4354,58.0
1039.7334,55.0
1040.0314,57.0
1040.3293,58.0
1040.6273,58.0
1040.9253,56.0
1041.2231,51.0
1041.5211,53.0
1041.8191,49.0
1042.1171,57.0
1042.4149,43.0
1042.7128,57.0
1043.0106,55.0
1043.3085,53.0
1043.6063,62.0
1043.9042,64.0
1044.2019,52.0
1044.4998,52.0
1044.7975,55.0
1045.0953,61.0
1045.3932,50.0
1045.6909,51.0
1045.9886,57.0
1046.2864,49.0
1046.5841,61.0
1046.8817,53.0
1047.1794,52.0
1047.477,54.0
1047.7748,52.0
1048.0724,63.0
1048.3701,49.0
1048.6677,53.0
1048.9655,58.0
1049.263,56.0
1049.5605,60.0
1049.8582,51.0
1050.1558,54.0
1050.4532,55.0
1050.7509,51.0
1051.0483,58.0
1051.3458,54.0
1051.6434,46.0
1051.941,52.0
1052.2385,56.0
1052.536,57.0
1052.8334,48.0
1053.1309,47.0
1053.4283,53.0
1053.7257,54.0
1054.0232,60.0
1054.3206,48.0
1054.618,54.0
1054.9154,63.0
1055.2129,54.0
1055.5103,60.0
1055.8076,58.0
1056.105,41.0
1056.4022,56.0
1056.6996,62.0
1056.997,55.0
1057.2942,48.0
1057.5914,58.0
1057.8888,55.0
1058.186,54.0
1058.4833,43.0
1058.7806,54.0
1059.0779,56.0
1059.3751,55.0
1059.6724,57.0
1059.9695,59.0
1060.2667,57.0
1060.564,45.0
1060.8611,62.0
1061.1582,58.0
1061.4554,56.0
1061.7526,50.0
1062.0498,49.0
1062.3469,57.0
1062.644,61.0
1062.9412,57.0
1063.2383,41.0
1063.5353,60.0
1063.8324,60.0
1064.1294,45.0
1064.4265,63.0
1064.7235,65.0
1065.0206,43.0
1065.3176,54.0
1065.6147,55.0
1065.9117,61.0
1066.2087,55.0
1066.5057,55.0
1066.8027,56.0
1067.0997,58.0
1067.3966,61.0
1067.6936,57.0
1067.9906,47.0
1068.2875,57.0
1068.5844,60.0
1068.8815,58.0
1069.1783,63.0
1069.4752,43.0
1069.7721,57.0
1070.069,53.0
1070.3658,62.0
1070.6627,53.0
1070.9596,53.0
1071.2565,59.0
1071.5532,62.0
1071.8501,55.0
1072.147,60.0
1072.4438,49.0
1072.7406,53.0
1073.0375,61.0
1073.3342,56.0
1073.631,48.0
1073.9277,49.0
1074.2245,58.0
1074.5212,57.0
1074.818,51.0
1075.1147,45.0
1075.4115,51.0
1075.7083,57.0
1076.005,55.0
1076.3018,62.0
1076.5984,57.0
1076.8951,53.0
1077.1918,53.0
1077.4884,59.0
1077.785,54.0
1078.0818,52.0
1078.3784,55.0
1078.675,54.0
1078.9717,54.0
1079.2684,53.0
1079.5651,44.0
1079.8616,54.0
1080.1582,56.0
1080.4548,52.0
1080.7513,61.0
1081.048,49.0
1081.3445,52.0
1081.6411,60.0
1081.9376,57.0
1082.2343,58.0
1082.5309,57.0
1082.8274,48.0
1083.1239,54.0
1083.4204,62.0
1083.7169,58.0
1084.0134,51.0
1084.3099,54.0
1084.6064,52.0
1084.903,51.0
1085.1993,61.0
1085.4958,62.0
1085.7924,49.0
1086.0889,55.0
1086.3854,49.0
1086.6818,60.0
1086.9783,51.0
1087.2747,53.0
1087.5712,57.0
1087.8676,55.0
1088.164,58.0
1088.4603,56.0
1088.7567,43.0
1089.0531,50.0
1089.3496,57.0
1089.646,58.0
1089.9424,55.0
1090.2388,41.0
1090.5352,53.0
1090.8314,50.0
1091.1278,59.0
1091.4242,49.0
1091.7205,55.0
1092.0168,63.0
1092.3131,55.0
1092.6095,54.0
1092.9059,51.0
1093.2021,50.0
1093.4985,52.0
1093.7948,60.0
1094.0911,58.0
1094.3873,56.0
1094.6836,43.0
1094.9799,53.0
1095.2761,57.0
1095.5724,41.0
1095.8687,49.0
1096.165,56.0
1096.4613,59.0
1096.7576,51.0
1097.0538,60.0
1097.35,55.0
1097.6462,48.0
1097.9425,54.0
1098.2386,47.0
1098.5349,54.0
1098.831,53.0
1099.1273,50.0
1099.4235,62.0
1099.7198,61.0
1100.016,61.0
1100.3121,47.0
1100.6084,60.0
1100.9045,60.0
1101.2007,51.0
1101.4968,62.0
1101.793,53.0
1102.0891,55.0
1102.3853,54.0
1102.6814,56.0
1102.9777,61.0
1103.2738,66.0
1103.57,37.0
1103.8661,56.0
1104.1622,59.0
1104.4584,57.0
1104.7544,53.0
1105.0505,53.0
1105.3467,59.0
1105.6427,56.0
1105.9388,51.0
1106.235,60.0
1106.5311,55.0
1106.8273,61.0
1107.1233,55.0
1107.4194,62.0
1107.7155,54.0
1108.0115,53.0
1108.3076,54.0
1108.6036,57.0
1108.8998,62.0
1109.1958,63.0
1109.4918,41.0
1109.788,55.0
1110.0841,53.0
1110.3801,58.0
1110.6761,51.0
1110.9722,45.0
1111.2682,58.0
1111.5642,62.0
1111.8602,55.0
1112.1562,49.0
1112.4523,53.0
1112.7483,57.0
1113.0444,59.0
1113.3405,59.0
1113.6365,42.0
1113.9325,60.0
1114.2285,56.0
1114.5244,54.0
1114.8204,58.0
1115.1165,55.0
1115.4125,51.0
1115.7084,58.0
1116.0044,58.0
1116.3004,53.0
1116.5964,54.0
1116.8925,55.0
1117.1885,57.0
1117.4844,55.0
1117.7804,58.0
1118.0763,62.0
1118.3723,51.0
1118.6682,55.0
1118.9642,54.0
1119.2603,61.0
1119.5562,44.0
1119.8522,51.0
1120.1482,57.0
1120.4441,54.0
1120.7401,59.0
1121.036,63.0
1121.332,51.0
1121.6279,55.0
1121.9238,44.0
1122.2198,64.0
1122.5157,61.0
1122.8116,49.0
1123.1077,56.0
1123.4037,53.0
1123.6996,61.0
1123.9955,55.0
1124.2915,41.0
1124.5874,61.0
1124.8833,60.0
1125.1792,53.0
1125.4751,47.0
1125.7711,60.0
1126.067,54.0
1126.3629,52.0
1126.6589,55.0
1126.9548,59.0
1127.2507,45.0
1127.5468,53.0
1127.8427,57.0
1128.1385,62.0
1128.4344,66.0
1128.7303,47.0
1129.0262,56.0
1129.3221,56.0
1129.618,57.0
1129.914,54.0
1130.21,48.0
1130.5059,57.0
1130.8018,59.0
1131.0978,57.0
1131.3937,52.0
1131.6896,54.0
1131.9855,58.0
1132.2814,60.0
1132.5773,48.0
1132.8732,49.0
1133.1691,54.0
1133.4651,55.0
1133.761,53.0
1134.0569,57.0
null
