wavelength,file1,
-146.20303,48.0
-145.79652,61.0
-145.39003,58.0
-144.98354,52.0
-144.57703,49.0
-144.17053,48.0
-143.76402,51.0
-143.35753,56.0
-142.95102,65.0
-142.54453,47.0
-142.13803,52.0
-141.73152,56.0
-141.32504,47.0
-140.91853,54.0
-140.51202,57.0
-140.10555,53.0
-139.69905,51.0
-139.29254,40.0
-138.88605,56.0
-138.47955,41.0
-138.07306,60.0
-137.66656,54.0
-137.26009,50.0
-136.85359,62.0
-136.4471,52.0
-136.04062,55.0
-135.63412,72.0
-135.22763,47.0
-134.82114,64.0
-134.41467,48.0
-134.00818,57.0
-133.60168,57.0
-133.19522,50.0
-132.78874,58.0
-132.38225,54.0
-131.97578,53.0
-131.5693,54.0
-131.16283,42.0
-130.75636,56.0
-130.3499,53.0
-129.94342,57.0
-129.53694,61.0
-129.1305,45.0
-128.72403,56.0
-128.31755,52.0
-127.9111,48.0
-127.50464,57.0
-127.09818,55.0
-126.69172,63.0
-126.28528,51.0
-125.87882,58.0
-125.47237,50.0
-125.06593,56.0
-124.659485,61.0
-124.253044,54.0
-123.846596,43.0
-123.44016,43.0
-123.03372,62.0
-122.6273,59.0
-122.22086,45.0
-121.81443,54.0
-121.40801,52.0
-121.00159,61.0
-120.59516,51.0
-120.18874,52.0
-119.782326,61.0
-119.375916,51.0
-118.9695,53.0
-118.563095,57.0
-118.15669,46.0
-117.75029,59.0
-117.34389,57.0
-116.9375,56.0
-116.5311,58.0
-116.12471,56.0
-115.71833,54.0
-115.311935,47.0
-114.905556,58.0
-114.499176,63.0
-114.092804,42.0
-113.68643,58.0
-113.28007,61.0
-112.8737,56.0
-112.46734,57.0
-112.06098,51.0
-111.65463,56.0
-111.248276,60.0
-110.84193,42.0
-110.43558,51.0
-110.02924,45.0
-109.6229,59.0
-109.21657,54.0
-108.81024,50.0
-108.403915,58.0
-107.9976,51.0
-107.59128,54.0
-107.18496,52.0
-106.77864,57.0
-106.372345,60.0
-105.96604,50.0
-105.55974,53.0
-105.15345,45.0
-104.74716,60.0
-104.34087,59.0
-103.93459,52.0
-103.52832,53.0
-103.12204,36.0
-102.715775,59.0
-102.30951,57.0
-101.90325,43.0
-101.49699,57.0
-101.090744,53.0
-100.684494,50.0
-100.27825,60.0
-99.87202,47.0
-99.46579,56.0
-99.059555,44.0
-98.653336,60.0
-98.247116,62.0
-97.8409,51.0
-97.434685,60.0
-97.028496,58.0
-96.62229,58.0
-96.216095,61.0
-95.809906,38.0
-95.403725,58.0
-94.99754,52.0
-94.59137,55.0
-94.18521,62.0
-93.77904,53.0
-93.37288,59.0
-92.966736,59.0
-92.560585,55.0
-92.15444,62.0
-91.74831,53.0
-91.34218,54.0
-90.93605,55.0
-90.52993,47.0
-90.123825,58.0
-89.71771,58.0
-89.31161,49.0
-88.90552,56.0
-88.49942,39.0
-88.09333,58.0
-87.687256,55.0
-87.28118,54.0
-86.87511,49.0
-86.469055,54.0
-86.063,55.0
-85.656944,46.0
-85.25091,61.0
-84.84487,62.0
-84.438835,55.0
-84.03281,60.0
-83.62679,55.0
-83.22078,56.0
-82.81477,49.0
-82.408775,54.0
-82.002785,58.0
-81.596794,50.0
-81.19082,52.0
-80.78484,63.0
-80.378876,44.0
-79.97291,61.0
-79.56696,53.0
-79.16101,54.0
-78.755066,50.0
-78.34914,57.0
-77.943214,62.0
-77.53729,57.0
-77.13138,47.0
-76.72548,55.0
-76.31957,58.0
-75.91368,58.0
-75.507805,47.0
-75.10192,58.0
-74.696045,58.0
-74.290184,51.0
-73.88433,54.0
-73.47848,44.0
-73.07264,48.0
-72.66681,54.0
-72.26098,57.0
-71.85516,60.0
-71.44934,52.0
-71.04354,53.0
-70.63775,50.0
-70.23196,62.0
-69.82618,57.0
-69.420395,53.0
-69.01463,55.0
-68.60888,51.0
-68.203125,54.0
-67.797386,59.0
-67.39165,53.0
-66.98592,57.0
-66.58021,55.0
-66.174484,57.0
-65.76879,56.0
-65.36309,51.0
-64.957405,57.0
-64.55173,60.0
-64.14606,47.0
-63.7404,56.0
-63.334747,58.0
-62.929096,47.0
-62.52346,48.0
-62.11783,60.0
-61.71221,59.0
-61.306602,48.0
-60.900993,54.0
-60.4954,43.0
-60.089813,59.0
-59.68424,50.0
-59.27867,48.0
-58.873108,60.0
-58.46756,55.0
-58.06201,49.0
-57.656483,60.0
-57.25096,41.0
-56.84544,60.0
-56.439934,56.0
-56.03443,43.0
-55.62895,62.0
-55.223473,50.0
-54.817997,54.0
-54.412537,49.0
-54.00708,55.0
-53.60164,62.0
-53.19621,49.0
-52.79078,55.0
-52.38537,55.0
-51.979958,57.0
-51.574566,60.0
-51.16918,51.0
-50.7638,53.0
-50.358437,49.0
-49.95307,55.0
-49.54773,59.0
-49.142395,54.0
-48.73706,53.0
-48.331745,61.0
-47.926437,47.0
-47.521133,57.0
-47.11585,54.0
-46.710564,56.0
-46.305298,56.0
-45.900043,54.0
-45.49479,58.0
-45.089554,42.0
-44.68432,54.0
-44.279102,42.0
-43.873894,57.0
-43.468693,61.0
-43.063507,51.0
-42.658325,51.0
-42.253162,47.0
-41.848007,56.0
-41.442856,67.0
-41.037724,45.0
-40.632595,57.0
-40.22748,56.0
-39.82238,49.0
-39.417282,57.0
-39.012203,55.0
-38.607124,57.0
-38.202065,53.0
-37.79702,47.0
-37.391975,60.0
-36.98695,51.0
-36.581924,55.0
-36.17692,51.0
-35.771927,58.0
-35.36694,60.0
-34.961967,48.0
-34.55701,61.0
-34.152054,62.0
-33.747116,50.0
-33.342182,61.0
-32.937267,46.0
-32.532364,56.0
-32.127464,62.0
-31.722586,53.0
-31.317707,55.0
-30.91285,58.0
-30.508005,45.0
-30.10316,54.0
-29.69834,45.0
-29.293522,56.0
-28.888721,54.0
-28.483932,52.0
-28.079151,53.0
-27.674385,58.0
-27.269627,59.0
-26.864883,49.0
-26.460155,48.0
-26.055433,50.0
-25.650728,62.0
-25.246027,60.0
-24.841349,39.0
-24.43668,62.0
-24.032017,51.0
-23.627373,47.0
-23.222734,55.0
-22.818113,50.0
-22.413506,56.0
-22.008905,48.0
-21.604322,60.0
-21.199745,59.0
-20.795187,51.0
-20.390644,47.0
-19.986105,58.0
-19.581583,60.0
-19.177078,53.0
-18.772575,56.0
-18.368093,46.0
-17.96362,48.0
-17.559162,58.0
-17.154718,58.0
-16.75028,50.0
-16.345863,55.0
-15.941452,46.0
-15.53706,60.0
-15.132683,58.0
-14.72831,47.0
-14.323957,59.0
-13.919613,46.0
-13.5152855,58.0
-13.110973,55.0
-12.706667,39.0
-12.30238,52.0
-11.8981,56.0
-11.493841,52.0
-11.089596,56.0
-10.685356,49.0
-10.281137,51.0
-9.8769245,55.0
-9.472734,50.0
-9.068554,58.0
-8.664383,55.0
-8.260233,58.0
-7.8560905,60.0
-7.4519653,45.0
-7.0478573,58.0
-6.643753,54.0
-6.2396736,53.0
-5.835596,41.0
-5.4315434,60.0
-5.027504,64.0
-4.623472,49.0
-4.2194595,55.0
-3.815462,54.0
-3.4114723,55.0
-3.0075054,60.0
-2.6035442,53.0
-2.1996021,52.0
-1.7956772,51.0
-1.391758,44.0
-0.98786163,56.0
-0.583971,52.0
-0.18010521,56.0
0.22375107,52.0
0.6275978,50.0
1.0314217,57.0
1.4352379,49.0
1.8390408,53.0
2.242813,44.0
2.6465874,56.0
3.0503445,62.0
3.454071,46.0
3.8578014,59.0
4.2615147,63.0
4.6651974,54.0
5.06888,55.0
5.4725494,42.0
5.8761883,57.0
6.279827,55.0
6.683449,56.0
7.087059,59.0
7.490635,51.0
7.8942146,58.0
8.297773,51.0
8.701305,52.0
9.104837,62.0
9.508354,45.0
9.911839,55.0
10.315325,45.0
10.718794,56.0
11.122248,61.0
11.525671,53.0
11.929094,55.0
12.3325,61.0
12.735878,45.0
13.139252,61.0
13.542614,49.0
13.945938,58.0
14.349266,49.0
14.752579,54.0
15.155874,57.0
15.559141,47.0
15.962402,60.0
16.365652,64.0
16.768867,57.0
17.172083,61.0
17.575281,46.0
17.97845,48.0
18.381617,45.0
18.78477,63.0
19.187885,60.0
19.591003,47.0
19.994102,47.0
20.39719,51.0
20.800241,58.0
21.203293,63.0
21.606329,52.0
22.00933,61.0
22.412333,56.0
22.81532,49.0
23.218271,58.0
23.621223,59.0
24.024158,57.0
24.427076,61.0
24.829964,39.0
25.232843,58.0
25.635712,56.0
26.038546,54.0
26.44138,47.0
26.844194,60.0
27.246979,54.0
27.649761,52.0
28.052526,55.0
28.455273,54.0
28.857988,55.0
29.2607,60.0
29.663397,51.0
30.066057,51.0
30.468716,53.0
30.87136,59.0
31.27397,61.0
31.676577,57.0
32.07917,57.0
32.481728,57.0
32.884277,52.0
33.28682,56.0
33.68934,56.0
34.091827,54.0
34.49431,48.0
34.896774,53.0
35.29921,56.0
35.701637,51.0
36.10405,56.0
36.50643,50.0
36.908806,52.0
37.311165,62.0
37.7135,45.0
38.11581,53.0
38.518112,51.0
38.920395,58.0
39.322655,59.0
39.7249,43.0
40.12713,59.0
40.529327,56.0
40.931522,49.0
41.333694,56.0
41.735855,48.0
42.137974,53.0
42.540096,56.0
42.942196,54.0
43.344265,57.0
43.74633,56.0
44.148376,58.0
44.550385,50.0
44.952393,51.0
45.354378,60.0
45.75635,47.0
46.158287,55.0
46.56022,55.0
46.96213,53.0
47.364006,58.0
47.765884,49.0
48.167736,56.0
48.569557,54.0
48.971375,51.0
49.373177,60.0
49.77494,59.0
50.1767,48.0
50.578438,52.0
50.98016,60.0
51.381847,58.0
51.78353,51.0
52.18519,51.0
52.58682,60.0
52.98844,52.0
53.390045,66.0
53.791615,61.0
54.19318,55.0
54.594727,54.0
54.99625,66.0
55.39774,64.0
55.799225,37.0
56.20069,61.0
56.60212,53.0
57.003548,59.0
57.404953,61.0
57.806328,58.0
58.20769,51.0
58.60904,52.0
59.01036,59.0
59.41165,63.0
59.81294,47.0
60.214203,57.0
60.615433,60.0
61.01666,48.0
61.417862,62.0
61.81903,57.0
62.220192,56.0
62.621338,54.0
63.022446,47.0
63.423546,67.0
63.82463,55.0
64.22569,60.0
64.62672,55.0
65.02773,56.0
65.428734,64.0
65.8297,53.0
66.23065,53.0
66.63159,62.0
67.03249,50.0
67.43339,60.0
67.83426,52.0
68.235115,54.0
68.63593,58.0
69.03674,58.0
69.43753,59.0
69.83829,57.0
70.23903,46.0
70.639755,58.0
71.04045,49.0
71.44113,64.0
71.8418,48.0
72.24243,65.0
72.643036,62.0
73.04364,53.0
73.444214,63.0
73.84476,56.0
74.24529,49.0
74.645805,57.0
75.04628,61.0
75.44675,65.0
75.8472,52.0
76.247604,59.0
76.64801,51.0
77.04839,62.0
77.44875,56.0
77.849075,56.0
78.2494,50.0
78.64969,57.0
79.04995,61.0
79.4502,67.0
79.85043,54.0
80.250626,64.0
80.6508,62.0
81.050964,62.0
81.45111,67.0
81.85121,58.0
82.25131,59.0
82.65138,67.0
83.05142,59.0
83.45145,67.0
83.851456,61.0
84.25143,59.0
84.65139,61.0
85.05133,65.0
85.45125,67.0
85.85113,62.0
86.25099,60.0
86.65085,53.0
87.05066,66.0
87.450455,69.0
87.85024,53.0
88.249985,75.0
88.64972,56.0
89.04943,62.0
89.44913,70.0
89.84877,56.0
90.24841,67.0
90.64804,62.0
91.04762,62.0
91.4472,61.0
91.84675,57.0
92.24626,66.0
92.64577,67.0
93.04524,59.0
93.44469,68.0
93.844124,59.0
94.24354,63.0
94.64293,61.0
95.04228,62.0
95.44162,72.0
95.84094,62.0
96.24022,59.0
96.639496,58.0
97.038734,60.0
97.43794,71.0
97.83715,63.0
98.23633,61.0
98.635475,49.0
99.03459,55.0
99.4337,70.0
99.83278,50.0
100.23182,69.0
100.63086,67.0
101.02987,58.0
101.42884,63.0
101.827805,54.0
102.226746,63.0
102.625656,69.0
103.02453,59.0
103.4234,73.0
103.822235,61.0
104.22104,67.0
104.61983,68.0
105.0186,67.0
105.41733,68.0
105.816055,61.0
106.21475,62.0
106.6134,69.0
107.012054,61.0
107.410675,73.0
107.80927,63.0
108.207825,67.0
108.60638,75.0
109.0049,67.0
109.40339,76.0
109.801865,72.0
110.20031,65.0
110.59872,60.0
110.99712,71.0
111.3955,71.0
111.79385,69.0
112.19216,69.0
112.59046,74.0
112.98874,67.0
113.38697,83.0
113.7852,64.0
114.183395,70.0
114.58156,77.0
114.979706,71.0
115.37784,77.0
115.77594,64.0
116.173996,76.0
116.572044,82.0
116.97007,71.0
117.36805,70.0
117.76602,71.0
118.16397,68.0
118.56188,72.0
118.95978,71.0
119.35765,81.0
119.75548,71.0
120.153305,61.0
120.551094,75.0
120.94887,73.0
121.346596,85.0
121.74431,69.0
122.142,76.0
122.53966,73.0
122.937294,68.0
123.33491,81.0
123.73248,68.0
124.13004,72.0
124.52759,80.0
124.925095,72.0
125.322556,76.0
125.72002,75.0
126.11745,76.0
126.51485,75.0
126.91222,77.0
127.30957,79.0
127.70688,77.0
128.10419,79.0
128.50146,78.0
128.89871,77.0
129.29591,90.0
129.69312,68.0
130.09027,73.0
130.4874,85.0
130.88452,77.0
131.28162,79.0
131.67867,70.0
132.0757,83.0
132.4727,86.0
132.86969,74.0
133.26663,83.0
133.66356,75.0
134.06046,79.0
134.45732,82.0
134.85417,87.0
135.25099,87.0
135.64777,76.0
136.04454,82.0
136.44128,82.0
136.83798,79.0
137.23466,87.0
137.63132,84.0
138.02795,88.0
138.42455,80.0
138.82112,78.0
139.21767,85.0
139.61418,89.0
140.01068,86.0
140.40715,85.0
140.80357,85.0
141.19998,93.0
141.59637,85.0
141.99274,85.0
142.38905,85.0
142.78535,87.0
143.18163,105.0
143.57787,77.0
143.97409,93.0
144.37027,95.0
144.76642,87.0
145.16257,94.0
145.55869,82.0
145.95476,95.0
146.3508,105.0
146.74683,90.0
147.14282,90.0
147.53879,96.0
147.93474,92.0
148.33064,97.0
148.7265,82.0
149.12238,99.0
149.51819,94.0
149.91399,93.0
150.30977,86.0
150.7055,98.0
151.10121,110.0
151.49692,88.0
151.89255,97.0
152.28818,106.0
152.68379,99.0
153.07935,105.0
153.47488,94.0
153.87042,89.0
154.2659,96.0
154.66135,96.0
155.0568,110.0
155.45218,91.0
155.84753,97.0
156.2429,111.0
156.63821,95.0
157.03351,101.0
157.42876,99.0
157.82397,98.0
158.2192,101.0
158.61435,99.0
159.00949,110.0
159.40462,101.0
159.7997,103.0
160.19473,96.0
160.58978,108.0
160.98477,113.0
161.37971,107.0
161.77467,99.0
162.16957,102.0
162.56445,104.0
162.95932,111.0
163.35413,94.0
163.7489,113.0
164.14369,115.0
164.53842,104.0
164.9331,111.0
165.3278,111.0
165.72244,103.0
166.11707,115.0
166.51166,115.0
166.90619,112.0
167.30074,110.0
167.69522,113.0
168.08969,117.0
168.48413,107.0
168.87854,130.0
169.2729,117.0
169.66727,111.0
170.06158,121.0
170.45586,108.0
170.85014,119.0
171.24435,113.0
171.63855,123.0
172.03273,113.0
172.42686,110.0
172.82097,126.0
173.21506,120.0
173.6091,117.0
174.00314,121.0
174.39711,117.0
174.79106,128.0
175.18501,118.0
175.5789,128.0
175.97276,134.0
176.36661,121.0
176.7604,126.0
177.15417,121.0
177.54794,131.0
177.94165,129.0
178.33533,121.0
178.729,136.0
179.12262,117.0
179.5162,131.0
179.90977,141.0
180.3033,120.0
180.6968,127.0
181.09029,132.0
181.4837,125.0
181.8771,131.0
182.27051,129.0
182.66385,136.0
183.05719,135.0
183.45045,130.0
183.8437,126.0
184.23694,140.0
184.63013,142.0
185.02328,139.0
185.41644,136.0
185.80952,138.0
186.20258,133.0
186.59564,154.0
186.98863,137.0
187.38159,135.0
187.77457,146.0
188.16747,138.0
188.56033,146.0
188.95322,139.0
189.34602,138.0
189.7388,143.0
190.13158,147.0
190.52429,158.0
190.91699,127.0
191.30965,157.0
191.70227,154.0
192.0949,141.0
192.48746,155.0
192.87997,138.0
193.27249,151.0
193.66495,156.0
194.05739,151.0
194.44981,157.0
194.84218,137.0
195.23451,156.0
195.62685,162.0
196.01912,144.0
196.41136,159.0
196.8036,169.0
197.19577,145.0
197.58792,153.0
197.98006,154.0
198.37213,165.0
198.76419,150.0
199.15623,155.0
199.54822,167.0
199.94019,166.0
200.3321,170.0
200.724,157.0
201.11588,167.0
201.5077,167.0
201.89949,168.0
202.29129,180.0
202.68301,148.0
203.0747,166.0
203.46638,171.0
203.85802,172.0
204.2496,170.0
204.6412,166.0
205.03273,159.0
205.42422,178.0
205.81572,168.0
206.20715,178.0
206.59856,169.0
206.98996,179.0
207.38129,172.0
207.77258,172.0
208.16388,179.0
208.55511,170.0
208.94635,171.0
209.33752,180.0
209.72865,182.0
210.11978,183.0
210.51086,170.0
210.9019,180.0
211.29294,183.0
211.6839,157.0
212.07484,182.0
212.46579,173.0
212.85666,175.0
213.2475,183.0
213.63834,185.0
214.0291,181.0
214.41985,180.0
214.81058,185.0
215.20125,189.0
215.59189,177.0
215.98251,188.0
216.3731,188.0
216.76366,190.0
217.15417,184.0
217.54465,191.0
217.9351,191.0
218.32552,188.0
218.71588,173.0
219.10626,191.0
219.49655,189.0
219.88683,198.0
220.2771,177.0
220.6673,190.0
221.05746,197.0
221.44763,191.0
221.83774,199.0
222.2278,184.0
222.61786,202.0
223.00786,202.0
223.39783,188.0
223.7878,190.0
224.17769,191.0
224.56755,190.0
224.95741,199.0
225.34721,199.0
225.737,183.0
226.12672,200.0
226.51642,203.0
226.9061,194.0
227.29573,192.0
227.68532,206.0
228.0749,197.0
228.46442,194.0
228.85391,206.0
229.24341,203.0
229.63281,203.0
230.0222,192.0
230.41159,205.0
230.8009,205.0
231.19019,202.0
231.57945,209.0
231.96867,209.0
232.35785,200.0
232.74701,200.0
233.13612,209.0
233.52522,209.0
233.91428,199.0
234.30327,204.0
234.69226,205.0
235.0812,198.0
235.47011,208.0
235.859,200.0
236.24782,213.0
236.63661,200.0
237.0254,206.0
237.41412,212.0
237.80283,196.0
238.1915,209.0
238.58012,213.0
238.96872,199.0
239.3573,202.0
239.7458,205.0
240.13428,205.0
240.52275,211.0
240.91116,202.0
241.29953,216.0
241.68791,206.0
242.07622,204.0
242.46451,213.0
242.85274,203.0
243.24094,210.0
243.62912,202.0
244.01726,199.0
244.40535,203.0
244.79343,205.0
245.18146,216.0
245.56943,203.0
245.95741,213.0
246.34532,209.0
246.7332,204.0
247.12106,214.0
247.50888,206.0
247.89665,209.0
248.28441,217.0
248.6721,211.0
249.05977,214.0
249.44743,210.0
249.83502,216.0
250.22258,213.0
250.61012,203.0
250.9976,219.0
251.38509,210.0
251.77249,210.0
252.15988,209.0
252.54724,211.0
252.93454,219.0
253.32181,198.0
253.70908,216.0
254.09627,218.0
254.48343,202.0
254.87059,222.0
255.25766,212.0
255.64471,211.0
256.03177,216.0
256.41873,205.0
256.80566,218.0
257.19263,211.0
257.5795,217.0
257.9663,217.0
258.35315,214.0
258.7399,218.0
259.12665,209.0
259.51334,215.0
259.9,211.0
260.28662,209.0
260.67322,218.0
261.05975,206.0
261.4463,220.0
261.83276,218.0
262.21918,208.0
262.6056,216.0
262.99194,214.0
263.37827,213.0
263.7646,214.0
264.15085,220.0
264.53705,223.0
264.92325,215.0
265.3094,218.0
265.6955,210.0
266.08157,211.0
266.4676,225.0
266.85358,211.0
267.23956,207.0
267.6255,222.0
268.01138,216.0
268.39722,223.0
268.78302,199.0
269.16882,223.0
269.55457,221.0
269.94025,199.0
270.32593,218.0
270.71155,218.0
271.0971,216.0
271.4827,219.0
271.8682,215.0
272.25366,215.0
272.63913,207.0
273.0245,212.0
273.40985,214.0
273.79523,209.0
274.18048,222.0
274.56573,211.0
274.95096,211.0
275.33612,217.0
275.7213,214.0
276.10638,220.0
276.49146,204.0
276.8765,218.0
277.26147,220.0
277.64642,208.0
278.03134,219.0
278.4162,216.0
278.80103,210.0
279.18585,219.0
279.57062,207.0
279.95532,225.0
280.34003,214.0
280.72467,217.0
281.10925,218.0
281.49387,213.0
281.8784,218.0
282.26288,218.0
282.64734,209.0
283.03177,212.0
283.41614,209.0
283.80048,219.0
284.18478,216.0
284.5691,221.0
284.9533,218.0
285.33746,211.0
285.72165,223.0
286.10574,212.0
286.4898,219.0
286.87387,222.0
287.25787,215.0
287.6418,222.0
288.02576,203.0
288.40964,218.0
288.7935,219.0
289.1773,213.0
289.56107,225.0
289.94476,218.0
290.3285,217.0
290.71213,218.0
291.09573,218.0
291.47934,239.0
291.86285,203.0
292.24637,222.0
292.62982,218.0
293.01324,212.0
293.39667,222.0
293.78,223.0
294.16327,227.0
294.54657,206.0
294.92978,217.0
295.31296,227.0
295.69614,209.0
296.07922,221.0
296.4623,226.0
296.84537,219.0
297.22833,227.0
297.6113,222.0
297.99423,221.0
298.37708,218.0
298.75992,209.0
299.14273,230.0
299.52548,214.0
299.9082,217.0
300.2909,220.0
300.67352,219.0
301.05615,225.0
301.43872,213.0
301.82123,216.0
302.20374,224.0
302.58618,218.0
302.96857,233.0
303.35095,215.0
303.73328,220.0
304.11554,224.0
304.49783,215.0
304.88004,229.0
305.26218,221.0
305.64435,217.0
306.02643,228.0
306.40845,215.0
306.7905,217.0
307.17245,211.0
307.55438,225.0
307.93628,222.0
308.31815,223.0
308.69995,224.0
309.08173,222.0
309.46347,213.0
309.84518,216.0
310.22684,227.0
310.60843,221.0
310.99002,208.0
311.37155,231.0
311.75305,225.0
312.13452,224.0
312.51593,224.0
312.89728,221.0
313.27866,220.0
313.65994,223.0
314.0412,223.0
314.42242,238.0
314.8036,227.0
315.18472,215.0
315.56583,231.0
315.94687,219.0
316.32788,234.0
316.7089,216.0
317.0898,223.0
317.47073,220.0
317.85156,214.0
318.2324,227.0
318.6132,228.0
318.9939,230.0
319.37457,223.0
319.75525,225.0
320.13586,218.0
320.51642,224.0
320.89697,229.0
321.27747,220.0
321.6579,227.0
322.03836,223.0
322.4187,221.0
322.79904,223.0
323.17935,224.0
323.55957,218.0
323.9398,229.0
324.31998,218.0
324.70007,225.0
325.08017,234.0
325.46024,218.0
325.84024,221.0
326.2202,221.0
326.60013,225.0
326.98,217.0
327.35986,222.0
327.73965,225.0
328.11942,220.0
328.49918,219.0
328.87885,210.0
329.25848,230.0
329.6381,234.0
330.01764,216.0
330.39716,231.0
330.77664,223.0
331.15607,217.0
331.53546,223.0
331.91483,227.0
332.29413,219.0
332.6734,221.0
333.05264,233.0
333.43182,227.0
333.81097,221.0
334.1901,225.0
334.56915,223.0
334.94818,227.0
335.32715,222.0
335.7061,217.0
336.08502,219.0
336.46387,226.0
336.84268,218.0
337.22147,236.0
337.60022,219.0
337.97888,243.0
338.35754,232.0
338.73618,219.0
339.11472,235.0
339.4933,220.0
339.87177,222.0
340.25018,228.0
340.6286,215.0
341.00696,232.0
341.38528,227.0
341.76358,230.0
342.1418,217.0
342.52002,229.0
342.89816,230.0
343.27628,222.0
343.65436,219.0
344.0324,220.0
344.41037,233.0
344.78833,233.0
345.16623,215.0
345.5441,244.0
345.92194,226.0
346.2997,213.0
346.67743,233.0
347.05515,219.0
347.4328,230.0
347.81042,227.0
348.188,231.0
348.56552,231.0
348.943,207.0
349.32047,222.0
349.69788,228.0
350.0752,217.0
350.45255,220.0
350.82983,232.0
351.2071,221.0
351.58426,222.0
351.9614,216.0
352.33853,230.0
352.71558,227.0
353.09262,215.0
353.4696,228.0
353.84656,224.0
354.22345,222.0
354.6003,225.0
354.9771,224.0
355.35388,219.0
355.73065,222.0
356.1073,231.0
356.48395,218.0
356.86057,226.0
357.23712,233.0
357.61365,219.0
357.99014,229.0
358.36655,219.0
358.74298,227.0
359.11932,228.0
359.4956,229.0
359.8719,233.0
360.2481,225.0
360.62427,222.0
361.00043,229.0
361.37653,229.0
361.75256,229.0
362.1286,219.0
362.50455,208.0
362.88046,225.0
363.25635,234.0
363.6322,229.0
364.008,216.0
364.38376,225.0
364.75946,224.0
365.1351,217.0
365.51074,231.0
365.88632,239.0
366.26187,216.0
366.6374,226.0
367.01282,229.0
367.38824,228.0
367.7636,216.0
368.13892,223.0
368.51422,228.0
368.88947,229.0
369.26465,219.0
369.63983,223.0
370.01492,219.0
370.38998,219.0
370.76505,224.0
371.14,225.0
371.51495,230.0
371.88986,219.0
372.2647,224.0
372.6395,238.0
373.01428,232.0
373.389,219.0
373.76367,231.0
374.13834,225.0
374.5129,226.0
374.88745,235.0
375.262,213.0
375.63644,235.0
376.0109,230.0
376.38525,217.0
376.75958,222.0
377.1339,221.0
377.50815,225.0
377.88232,222.0
378.25653,221.0
378.6306,232.0
379.0047,229.0
379.37875,216.0
379.75272,222.0
380.12665,219.0
380.50058,226.0
380.87442,227.0
381.24823,221.0
381.622,222.0
381.99576,227.0
382.36942,235.0
382.74307,220.0
383.11667,230.0
383.49023,228.0
383.86374,226.0
384.2372,224.0
384.61066,228.0
384.984,220.0
385.35733,222.0
385.73065,225.0
386.10388,237.0
386.47708,206.0
386.85028,239.0
387.2234,222.0
387.59644,219.0
387.96948,232.0
388.34247,218.0
388.7154,222.0
389.08832,227.0
389.46118,219.0
389.83398,239.0
390.20676,217.0
390.57947,230.0
390.95215,231.0
391.3248,217.0
391.6974,227.0
392.06995,228.0
392.44244,218.0
392.81488,232.0
393.18732,220.0
393.5597,227.0
393.932,223.0
394.30432,229.0
394.67654,234.0
395.04874,224.0
395.4209,226.0
395.793,223.0
396.16504,233.0
396.53708,229.0
396.90906,223.0
397.28098,238.0
397.6529,225.0
398.02472,227.0
398.3965,235.0
398.76828,221.0
399.13998,224.0
399.51166,241.0
399.88327,217.0
400.25485,220.0
400.6264,222.0
400.99786,225.0
401.36932,235.0
401.74072,222.0
402.1121,229.0
402.4834,213.0
402.85468,231.0
403.2259,229.0
403.59705,221.0
403.9682,223.0
404.3393,232.0
404.71033,226.0
405.08133,215.0
405.45227,222.0
405.82318,228.0
406.1941,231.0
406.56488,229.0
406.93567,225.0
407.3064,220.0
407.6771,223.0
408.04776,229.0
408.41833,232.0
408.78888,219.0
409.15942,210.0
409.52988,224.0
409.9003,232.0
410.2707,223.0
410.641,218.0
411.0113,223.0
411.38153,220.0
411.75174,224.0
412.1219,235.0
412.492,219.0
412.86206,231.0
413.23206,235.0
413.60205,219.0
413.972,229.0
414.34186,219.0
414.7117,218.0
415.08148,228.0
415.45123,218.0
415.82095,226.0
416.1906,223.0
416.56024,228.0
416.9298,230.0
417.29932,232.0
417.66882,222.0
418.03824,222.0
418.40762,222.0
418.777,220.0
419.1463,221.0
419.51553,223.0
419.88477,221.0
420.2539,223.0
420.62302,228.0
420.99213,219.0
421.36115,225.0
421.7301,234.0
422.09906,220.0
422.46796,224.0
422.8368,234.0
423.20563,235.0
423.57437,215.0
423.9431,223.0
424.31177,226.0
424.6804,223.0
425.04898,231.0
425.4175,216.0
425.78598,234.0
426.15445,224.0
426.52283,222.0
426.89117,231.0
427.25946,215.0
427.62778,227.0
427.996,233.0
428.36414,211.0
428.73227,222.0
429.10034,231.0
429.46835,222.0
429.8364,219.0
430.20435,217.0
430.5722,224.0
430.94006,229.0
431.30786,224.0
431.6756,224.0
432.0434,217.0
432.41104,235.0
432.77866,220.0
433.14624,223.0
433.51376,222.0
433.88123,220.0
434.24872,230.0
434.61612,229.0
434.98346,222.0
435.35077,225.0
435.71802,215.0
436.08527,242.0
436.45245,221.0
436.81955,217.0
437.1866,222.0
437.55365,218.0
437.92062,236.0
438.28763,211.0
438.6545,238.0
439.02133,237.0
439.38812,212.0
439.75488,235.0
440.12158,217.0
440.4883,218.0
440.85492,224.0
441.2215,228.0
441.588,221.0
441.9545,212.0
442.32092,223.0
442.68738,229.0
443.0537,212.0
443.41998,228.0
443.78625,228.0
444.15244,221.0
444.51865,223.0
444.88477,227.0
445.25082,237.0
445.61685,230.0
445.98282,217.0
446.34872,224.0
446.7147,221.0
447.0805,227.0
447.4463,215.0
447.81204,223.0
448.17773,218.0
448.5434,225.0
448.90906,226.0
449.2746,217.0
449.6401,227.0
450.00558,219.0
450.371,221.0
450.7364,225.0
451.10175,225.0
451.46704,221.0
451.83228,226.0
452.19745,234.0
452.56262,227.0
452.92776,216.0
453.29282,225.0
453.65784,230.0
454.02277,222.0
454.3877,220.0
454.75256,218.0
455.11743,224.0
455.4822,232.0
455.84695,223.0
456.2116,239.0
456.57626,221.0
456.94086,237.0
457.30545,225.0
457.66995,221.0
458.0344,229.0
458.3988,225.0
458.76315,230.0
459.12747,234.0
459.4918,228.0
459.85602,233.0
460.22018,217.0
460.58432,232.0
460.9484,231.0
461.3125,223.0
461.67648,222.0
462.04044,226.0
462.40433,230.0
462.76816,226.0
463.13196,229.0
463.4958,235.0
463.8595,215.0
464.22314,219.0
464.58676,224.0
464.95035,219.0
465.31387,228.0
465.6774,221.0
466.04083,225.0
466.40424,225.0
466.76755,216.0
467.13086,229.0
467.49417,215.0
467.85736,227.0
468.22052,222.0
468.58362,222.0
468.94666,222.0
469.3097,222.0
469.6727,218.0
470.03564,223.0
470.3985,223.0
470.76132,225.0
471.1241,221.0
471.48685,240.0
471.84958,221.0
472.21222,224.0
472.57483,230.0
472.93738,209.0
473.29987,236.0
473.66232,231.0
474.02478,214.0
474.38715,236.0
474.74945,217.0
475.11172,229.0
475.47394,229.0
475.83618,218.0
476.1983,231.0
476.5604,228.0
476.92242,218.0
477.28442,221.0
477.64636,234.0
478.0083,237.0
478.37015,222.0
478.73193,224.0
479.0937,223.0
479.4554,228.0
479.81708,229.0
480.17874,221.0
480.5403,223.0
480.90182,224.0
481.2633,219.0
481.62473,229.0
481.9861,225.0
482.3475,232.0
482.70877,237.0
483.07,215.0
483.4312,230.0
483.79236,222.0
484.1535,224.0
484.51456,225.0
484.87558,216.0
485.2365,227.0
485.59744,223.0
485.9583,226.0
486.31918,224.0
486.67993,226.0
487.04065,225.0
487.40134,223.0
487.76196,221.0
488.12256,226.0
488.48315,218.0
488.84363,229.0
489.20407,219.0
489.56448,228.0
489.9248,224.0
490.28513,221.0
490.64545,231.0
491.00565,222.0
491.36578,214.0
491.7259,225.0
492.08597,234.0
492.44604,240.0
492.80603,211.0
493.16595,226.0
493.52582,219.0
493.88565,215.0
494.24542,236.0
494.60522,221.0
494.96494,217.0
495.32455,226.0
495.68414,232.0
496.0437,227.0
496.4032,216.0
496.76273,228.0
497.12213,230.0
497.48148,232.0
497.8408,226.0
498.20007,221.0
498.55927,218.0
498.91852,220.0
499.27765,215.0
499.63672,227.0
499.99573,217.0
500.35474,228.0
500.7137,234.0
501.0726,206.0
501.43146,224.0
501.79022,220.0
502.149,219.0
502.5077,228.0
502.8664,221.0
503.225,225.0
503.58356,229.0
503.94208,230.0
504.30054,228.0
504.65894,221.0
505.01736,231.0
505.3757,222.0
505.73398,224.0
506.0922,228.0
506.45038,229.0
506.80856,226.0
507.16666,215.0
507.5247,223.0
507.8827,228.0
508.24063,220.0
508.5985,233.0
508.95642,213.0
509.31424,239.0
509.672,233.0
510.0297,220.0
510.38736,231.0
510.74496,218.0
511.1026,239.0
511.4601,230.0
511.81757,219.0
512.175,229.0
512.53235,231.0
512.8897,222.0
513.2471,226.0
513.60425,222.0
513.9615,222.0
514.3186,231.0
514.6757,218.0
515.0328,222.0
515.3898,222.0
515.74677,225.0
516.10364,223.0
516.4605,214.0
516.8173,210.0
517.17413,233.0
517.5308,235.0
517.8875,212.0
518.24414,227.0
518.6007,227.0
518.9572,225.0
519.3138,228.0
519.67017,226.0
520.02655,228.0
520.3829,220.0
520.7392,221.0
521.0954,218.0
521.45166,229.0
521.8078,220.0
522.16394,225.0
522.51996,213.0
522.876,224.0
523.232,217.0
523.5879,220.0
523.9437,225.0
524.29956,229.0
524.65533,226.0
525.01105,217.0
525.36676,220.0
525.7224,226.0
526.07794,218.0
526.4335,227.0
526.78894,214.0
527.1444,218.0
527.4998,233.0
527.85516,219.0
528.21045,243.0
528.5657,220.0
528.9209,225.0
529.27606,225.0
529.6312,220.0
529.98627,227.0
530.34125,227.0
530.6962,221.0
531.05115,228.0
531.40607,234.0
531.76086,232.0
532.1156,210.0
532.47034,227.0
532.825,228.0
533.1796,223.0
533.5343,227.0
533.8888,220.0
534.2433,233.0
534.5977,231.0
534.9521,217.0
535.30646,229.0
535.66077,228.0
536.015,221.0
536.36926,230.0
536.7234,224.0
537.0775,222.0
537.4315,235.0
537.7856,220.0
538.1395,221.0
538.49347,226.0
538.84735,227.0
539.2012,222.0
539.555,219.0
539.9087,221.0
540.2624,228.0
540.61597,230.0
540.96954,226.0
541.3231,215.0
541.67664,224.0
542.0301,221.0
542.3835,225.0
542.7368,213.0
543.0901,232.0
543.44336,222.0
543.79663,219.0
544.1497,229.0
544.50287,225.0
544.8559,211.0
545.2089,229.0
545.56195,219.0
545.91486,231.0
546.2677,219.0
546.6205,226.0
546.97327,222.0
547.326,219.0
547.6787,226.0
548.0314,217.0
548.3839,227.0
548.73645,223.0
549.0889,223.0
549.4414,221.0
549.7938,220.0
550.1462,227.0
550.4985,233.0
550.8507,219.0
551.2029,223.0
551.55505,219.0
551.9072,222.0
552.2593,228.0
552.61127,219.0
552.96326,235.0
553.3151,219.0
553.66705,223.0
554.01886,231.0
554.37067,231.0
554.72235,224.0
555.07404,221.0
555.42566,233.0
555.7773,223.0
556.12885,221.0
556.48035,231.0
556.8318,213.0
557.18317,235.0
557.5345,234.0
557.88586,224.0
558.23706,223.0
558.58826,216.0
558.93945,224.0
559.2905,233.0
559.6416,216.0
559.9927,235.0
560.3436,229.0
560.6945,225.0
561.04535,225.0
561.3962,217.0
561.747,222.0
562.0977,220.0
562.4484,220.0
562.799,230.0
563.1496,238.0
563.5001,227.0
563.8507,225.0
564.2011,221.0
564.5515,223.0
564.90186,223.0
565.25214,228.0
565.60236,229.0
565.95264,219.0
566.3028,220.0
566.6529,219.0
567.0029,231.0
567.35297,212.0
567.7029,222.0
568.05286,226.0
568.4027,222.0
568.75256,234.0
569.1023,233.0
569.452,220.0
569.80176,218.0
570.15137,226.0
570.501,233.0
570.8505,215.0
571.2,226.0
571.54944,226.0
571.89886,234.0
572.2482,232.0
572.5975,219.0
572.9468,224.0
573.29596,230.0
573.6451,214.0
573.99426,231.0
574.3433,217.0
574.6923,227.0
575.04126,229.0
575.3902,215.0
575.739,217.0
576.0879,215.0
576.43665,226.0
576.7854,226.0
577.13403,222.0
577.48267,232.0
577.83136,228.0
578.17993,220.0
578.5284,227.0
578.87683,225.0
579.2252,235.0
579.57355,225.0
579.9218,223.0
580.2701,228.0
580.6183,223.0
580.96643,232.0
581.3145,219.0
581.6626,228.0
582.01074,233.0
582.35864,202.0
582.7066,230.0
583.05444,230.0
583.4023,219.0
583.75,224.0
584.0978,232.0
584.44543,234.0
584.793,214.0
585.1406,225.0
585.48816,226.0
585.83575,226.0
586.1832,235.0
586.5306,220.0
586.8779,235.0
587.2252,224.0
587.5725,223.0
587.9197,225.0
588.26685,221.0
588.61395,216.0
588.961,229.0
589.308,230.0
589.65497,227.0
590.002,222.0
590.3489,223.0
590.6957,224.0
591.0425,224.0
591.38916,233.0
591.73584,214.0
592.08246,245.0
592.4291,238.0
592.7756,212.0
593.1221,227.0
593.4685,217.0
593.81506,227.0
594.1614,226.0
594.5077,213.0
594.85394,217.0
595.20013,235.0
595.54626,227.0
595.8924,220.0
596.23846,222.0
596.5845,233.0
596.9304,219.0
597.27637,219.0
597.6222,222.0
597.96814,217.0
598.3139,222.0
598.65967,217.0
599.0054,228.0
599.35095,225.0
599.69653,221.0
600.0421,218.0
600.3876,218.0
600.73303,218.0
601.0784,219.0
601.42377,227.0
601.76917,223.0
602.11444,216.0
602.45966,222.0
602.8048,230.0
603.1499,211.0
603.495,227.0
603.84,232.0
604.185,222.0
604.5299,211.0
604.87476,224.0
605.2196,223.0
605.5644,216.0
605.90924,230.0
606.2539,221.0
606.5986,223.0
606.9432,231.0
607.2877,212.0
607.6322,228.0
607.9766,227.0
608.32104,214.0
608.6654,235.0
609.0097,225.0
609.35394,225.0
609.6983,228.0
610.0425,219.0
610.3866,234.0
610.73065,214.0
611.0747,222.0
611.41864,221.0
611.7626,234.0
612.10645,231.0
612.4503,221.0
612.79407,221.0
613.1378,218.0
613.4815,216.0
613.8253,236.0
614.1689,215.0
614.51245,230.0
614.85596,231.0
615.1994,223.0
615.54285,240.0
615.88617,216.0
616.2295,226.0
616.57275,233.0
616.916,213.0
617.25916,222.0
617.6024,227.0
617.9455,217.0
618.2885,221.0
618.63153,220.0
618.9745,230.0
619.3174,216.0
619.6602,218.0
620.003,223.0
620.34576,221.0
620.6885,227.0
621.0311,224.0
621.37384,231.0
621.71643,223.0
622.0589,218.0
622.40137,231.0
622.74384,218.0
623.0862,212.0
623.4285,233.0
623.7708,218.0
624.11304,229.0
624.4552,221.0
624.79736,219.0
625.13947,225.0
625.4816,219.0
625.8236,234.0
626.1656,212.0
626.50745,229.0
626.8493,230.0
627.19116,230.0
627.5329,227.0
627.87463,221.0
628.2163,225.0
628.5579,235.0
628.8995,221.0
629.24115,226.0
629.58264,225.0
629.9241,232.0
630.26544,231.0
630.6068,214.0
630.94806,229.0
631.2893,223.0
631.63055,214.0
631.9717,230.0
632.3128,232.0
632.6539,227.0
632.9949,219.0
633.33594,225.0
633.6769,224.0
634.01776,224.0
634.3586,235.0
634.69934,224.0
635.0401,241.0
635.3808,241.0
635.72144,221.0
636.062,228.0
636.4026,217.0
636.74304,232.0
637.0836,230.0
637.424,222.0
637.7644,222.0
638.10474,226.0
638.44495,223.0
638.7852,223.0
639.12537,224.0
639.4655,238.0
639.80554,214.0
640.1456,235.0
640.4856,249.0
640.82556,229.0
641.1655,224.0
641.5054,220.0
641.8452,225.0
642.18494,230.0
642.52466,222.0
642.8643,227.0
643.2039,223.0
643.54346,228.0
643.883,222.0
644.2225,220.0
644.5619,228.0
644.9014,223.0
645.2407,221.0
645.58,220.0
645.91925,230.0
646.2585,235.0
646.5976,222.0
646.9367,227.0
647.27576,230.0
647.6148,220.0
647.95374,244.0
648.29266,220.0
648.63153,223.0
648.97046,232.0
649.30927,224.0
649.64795,231.0
649.98663,217.0
650.3253,226.0
650.6639,226.0
651.00244,213.0
651.34094,233.0
651.6794,211.0
652.01776,223.0
652.35614,214.0
652.6946,235.0
653.03284,233.0
653.3711,211.0
653.7092,226.0
654.04736,233.0
654.38544,223.0
654.7235,233.0
655.06146,224.0
655.3994,232.0
655.7373,224.0
656.07513,218.0
656.41296,231.0
656.75085,217.0
657.08856,236.0
657.4262,229.0
657.76385,215.0
658.1014,233.0
658.4389,227.0
658.7764,223.0
659.11383,230.0
659.45123,222.0
659.7886,238.0
660.12585,221.0
660.46326,223.0
660.8004,232.0
661.13763,228.0
661.47473,231.0
661.81177,219.0
662.1488,225.0
662.4858,235.0
662.8227,219.0
663.1596,225.0
663.4964,222.0
663.8332,229.0
664.1699,233.0
664.5068,219.0
664.84344,229.0
665.18005,232.0
665.5166,220.0
665.8531,226.0
666.1896,232.0
666.526,231.0
666.86237,225.0
667.19867,224.0
667.535,222.0
667.8712,222.0
668.2075,227.0
668.5437,222.0
668.87976,219.0
669.2158,225.0
669.5518,231.0
669.8878,235.0
670.2237,216.0
670.5596,223.0
670.89545,231.0
671.2312,221.0
671.56696,223.0
671.90265,221.0
672.2384,223.0
672.574,234.0
672.90955,219.0
673.24506,233.0
673.5805,218.0
673.9159,215.0
674.2513,231.0
674.5866,215.0
674.9219,224.0
675.25714,226.0
675.5923,233.0
675.92755,219.0
676.2627,225.0
676.5977,234.0
676.93274,227.0
677.2677,239.0
677.6026,226.0
677.93744,222.0
678.2723,231.0
678.60706,221.0
678.9418,223.0
679.2765,233.0
679.6111,221.0
679.9458,231.0
680.2804,226.0
680.61487,228.0
680.94934,234.0
681.28375,222.0
681.6181,231.0
681.95245,220.0
682.28674,224.0
682.621,224.0
682.95514,231.0
683.2893,223.0
683.6235,216.0
683.9576,232.0
684.29156,226.0
684.6255,219.0
684.9594,226.0
685.2933,217.0
685.62714,240.0
685.9609,223.0
686.2946,224.0
686.6283,225.0
686.962,222.0
687.2956,237.0
687.6293,229.0
687.96277,215.0
688.2962,228.0
688.62964,226.0
688.963,231.0
689.2963,222.0
689.62964,232.0
689.9628,235.0
690.296,212.0
690.6292,233.0
690.9623,241.0
691.2955,222.0
691.6285,224.0
691.9614,216.0
692.2944,221.0
692.62726,221.0
692.9601,221.0
693.29285,226.0
693.6256,225.0
693.9583,220.0
694.29095,221.0
694.6236,224.0
694.95624,243.0
695.28876,222.0
695.6213,221.0
695.9537,225.0
696.2861,215.0
696.6184,235.0
696.9507,217.0
697.28296,229.0
697.6152,230.0
697.9473,206.0
698.2794,235.0
698.6115,222.0
698.94366,222.0
699.27563,228.0
699.60754,218.0
699.93945,222.0
700.2713,223.0
700.6031,224.0
700.9349,224.0
701.2666,221.0
701.59827,225.0
701.9299,224.0
702.2615,223.0
702.59314,230.0
702.9246,230.0
703.25604,230.0
703.58746,212.0
703.9188,231.0
704.2501,237.0
704.5814,218.0
704.9126,231.0
705.2438,227.0
705.57495,230.0
705.906,224.0
706.23706,221.0
706.5682,229.0
706.8992,224.0
707.23004,230.0
707.5609,235.0
707.8918,222.0
708.22253,230.0
708.5533,216.0
708.884,225.0
709.2146,230.0
709.5452,219.0
709.8758,227.0
710.2064,218.0
710.53687,236.0
710.8673,233.0
711.1977,218.0
711.528,220.0
711.85834,231.0
712.1886,220.0
712.5188,236.0
712.84894,235.0
713.1791,223.0
713.50916,221.0
713.8392,219.0
714.1693,226.0
714.4992,227.0
714.8291,242.0
715.159,220.0
715.4888,220.0
715.81854,232.0
716.1483,233.0
716.47797,234.0
716.8076,221.0
717.1372,235.0
717.46674,227.0
717.7964,233.0
718.1258,224.0
718.45526,220.0
718.7846,224.0
719.11395,225.0
719.44324,225.0
719.77246,224.0
720.1017,229.0
720.43085,227.0
720.75995,231.0
721.089,219.0
721.418,217.0
721.74713,225.0
722.07605,222.0
722.40497,229.0
722.73376,223.0
723.0626,230.0
723.39136,218.0
723.7201,231.0
724.04877,226.0
724.3774,219.0
724.706,226.0
725.03455,221.0
725.36316,221.0
725.6916,221.0
726.02,229.0
726.3484,226.0
726.6767,221.0
727.005,221.0
727.33325,227.0
727.66144,234.0
727.98956,230.0
728.3177,222.0
728.64575,234.0
728.97375,222.0
729.3019,228.0
729.6298,231.0
729.9577,216.0
730.2856,237.0
730.61334,222.0
730.94116,219.0
731.26886,223.0
731.59656,218.0
731.9242,230.0
732.2518,233.0
732.5793,229.0
732.9069,232.0
733.2344,210.0
733.5618,236.0
733.8892,231.0
734.21655,225.0
734.5438,231.0
734.8711,222.0
735.19824,228.0
735.52545,229.0
735.85254,225.0
736.1796,234.0
736.50665,218.0
736.83374,224.0
737.1607,226.0
737.4876,229.0
737.8145,226.0
738.1413,225.0
738.4681,221.0
738.7948,224.0
739.1215,221.0
739.4482,234.0
739.7748,220.0
740.1013,234.0
740.428,239.0
740.75446,225.0
741.0809,225.0
741.4073,221.0
741.73364,227.0
742.05994,226.0
742.3862,225.0
742.7124,226.0
743.03864,217.0
743.36475,219.0
743.69086,227.0
744.0169,233.0
744.343,224.0
744.669,231.0
744.99493,219.0
745.3208,224.0
745.64667,218.0
745.9724,228.0
746.2982,218.0
746.6239,226.0
746.9496,224.0
747.2752,227.0
747.6008,226.0
747.92645,228.0
748.25195,223.0
748.57745,226.0
748.90283,219.0
749.2282,230.0
749.5535,216.0
749.87885,235.0
750.2041,233.0
750.5293,218.0
750.8545,226.0
751.17957,226.0
751.5047,226.0
751.82983,230.0
752.15485,225.0
752.4798,239.0
752.8047,227.0
753.1296,230.0
753.4544,233.0
753.77924,219.0
754.10394,228.0
754.42865,231.0
754.7533,222.0
755.07794,226.0
755.40265,224.0
755.7272,227.0
756.0517,221.0
756.37616,224.0
756.70056,231.0
757.0249,231.0
757.34924,230.0
757.6735,219.0
757.9978,222.0
758.32196,220.0
758.6462,237.0
758.9703,238.0
759.2945,225.0
759.6185,231.0
759.9425,221.0
760.2665,229.0
760.5904,234.0
760.91425,220.0
761.2381,227.0
761.5619,223.0
761.8856,227.0
762.20935,223.0
762.533,231.0
762.85675,224.0
763.1803,228.0
763.50385,215.0
763.8274,227.0
764.1508,228.0
764.47424,222.0
764.7976,226.0
765.121,218.0
765.4443,223.0
765.7675,225.0
766.0907,222.0
766.414,221.0
766.7372,219.0
767.06024,223.0
767.3833,226.0
767.7063,219.0
768.02924,221.0
768.3522,222.0
768.67505,232.0
768.9979,216.0
769.32074,238.0
769.6435,227.0
769.9662,216.0
770.289,222.0
770.61163,223.0
770.93427,236.0
771.2568,229.0
771.57935,220.0
771.9018,242.0
772.22424,220.0
772.54663,226.0
772.869,230.0
773.1913,216.0
773.51355,227.0
773.83594,218.0
774.15814,222.0
774.4803,225.0
774.80237,225.0
775.12445,238.0
775.4465,218.0
775.7685,220.0
776.09045,228.0
776.41235,223.0
776.7342,229.0
777.056,214.0
777.3778,231.0
777.6997,232.0
778.02136,222.0
778.3431,222.0
778.6647,224.0
778.98627,223.0
779.3078,225.0
779.62933,222.0
779.9508,238.0
780.2722,220.0
780.5936,230.0
780.915,224.0
781.2364,228.0
781.5577,238.0
781.87885,217.0
782.2001,224.0
782.5212,240.0
782.8423,220.0
783.1634,225.0
783.4844,231.0
783.80536,219.0
784.12634,226.0
784.44727,224.0
784.7681,222.0
785.08905,231.0
785.40985,220.0
785.7306,224.0
786.0513,226.0
786.37195,233.0
786.69257,224.0
787.0132,232.0
787.33374,230.0
787.65424,226.0
787.9747,236.0
788.2951,220.0
788.61566,224.0
788.936,229.0
789.2563,222.0
789.5766,222.0
789.8968,230.0
790.217,230.0
790.5372,224.0
790.85724,218.0
791.17737,227.0
791.4974,230.0
791.8174,222.0
792.1373,228.0
792.45734,219.0
792.7772,226.0
793.0971,226.0
793.4169,220.0
793.73663,228.0
794.05634,235.0
794.37604,227.0
794.6957,223.0
795.01526,223.0
795.33484,226.0
795.65436,219.0
795.974,221.0
796.29346,220.0
796.61285,217.0
796.9322,232.0
797.2515,226.0
797.5708,231.0
797.8901,222.0
798.2093,229.0
798.52844,232.0
798.8476,218.0
799.1667,222.0
799.4858,224.0
799.80493,235.0
800.1239,230.0
800.4428,226.0
800.7617,231.0
801.08057,219.0
801.3994,229.0
801.7182,220.0
802.037,224.0
802.35565,223.0
802.6743,218.0
802.993,223.0
803.3117,230.0
803.63025,221.0
803.9488,242.0
804.2673,218.0
804.5857,225.0
804.9041,229.0
805.2225,220.0
805.5408,228.0
805.8591,226.0
806.1773,230.0
806.49554,235.0
806.8137,219.0
807.13196,236.0
807.4501,223.0
807.7681,222.0
808.0861,218.0
808.4041,229.0
808.72205,233.0
809.04,225.0
809.35785,226.0
809.67566,225.0
809.99347,241.0
810.3112,223.0
810.629,226.0
810.9467,231.0
811.2644,226.0
811.582,227.0
811.89954,235.0
812.21704,217.0
812.53455,232.0
812.852,237.0
813.16943,216.0
813.4868,226.0
813.80414,216.0
814.12146,227.0
814.43884,228.0
814.75604,223.0
815.07324,230.0
815.3904,219.0
815.7075,218.0
816.0246,221.0
816.3416,228.0
816.6586,242.0
816.9756,217.0
817.2925,228.0
817.6094,221.0
817.9264,237.0
818.24316,230.0
818.55994,220.0
818.8767,227.0
819.1934,228.0
819.5101,214.0
819.8267,228.0
820.1433,222.0
820.45984,233.0
820.77637,232.0
821.09283,218.0
821.4093,225.0
821.7258,222.0
822.0422,232.0
822.3585,234.0
822.6748,222.0
822.9911,245.0
823.30725,226.0
823.6235,227.0
823.93964,228.0
824.25574,215.0
824.5718,232.0
824.8878,215.0
825.204,223.0
825.5199,231.0
825.8358,232.0
826.15173,239.0
826.4676,225.0
826.7834,227.0
827.0992,229.0
827.4149,225.0
827.7306,77.0
828.04626,44.0
828.36194,54.0
828.67755,57.0
828.9932,51.0
829.3087,57.0
829.6242,202.0
829.9397,275.0
830.25507,53.0
830.5705,47.0
830.8858,62.0
831.2011,47.0
831.5164,58.0
831.8316,49.0
832.14685,53.0
832.4621,60.0
832.7772,55.0
833.0923,54.0
833.40735,60.0
833.7224,52.0
834.03735,56.0
834.3523,48.0
834.66724,59.0
834.9821,53.0
835.29694,55.0
835.61176,57.0
835.92664,47.0
836.24133,51.0
836.556,62.0
836.8707,52.0
837.1853,59.0
837.49994,53.0
837.81445,51.0
838.12897,49.0
838.4435,55.0
838.7579,61.0
839.0723,47.0
839.38666,62.0
839.7012,62.0
840.01544,43.0
840.3297,55.0
840.6439,44.0
840.9581,58.0
841.2723,57.0
841.5864,56.0
841.9005,52.0
842.2146,51.0
842.52856,52.0
842.8426,53.0
843.1566,53.0
843.4706,61.0
843.7844,48.0
844.09827,64.0
844.4121,56.0
844.7259,50.0
845.0396,55.0
845.3533,53.0
845.667,56.0
845.9806,56.0
846.2942,48.0
846.6078,59.0
846.92145,55.0
847.2349,54.0
847.54834,43.0
847.8618,61.0
848.1752,60.0
848.4885,51.0
848.8019,56.0
849.1151,48.0
849.4284,58.0
849.7416,71.0
850.0548,48.0
850.36804,61.0
850.68115,57.0
850.99426,54.0
851.3073,55.0
851.6203,45.0
851.9333,62.0
852.2462,64.0
852.55914,43.0
852.872,49.0
853.1848,49.0
853.4976,56.0
853.8104,62.0
854.1232,48.0
854.436,57.0
854.7486,49.0
855.0613,54.0
855.37384,54.0
855.6864,48.0
855.99896,56.0
856.31146,54.0
856.6239,54.0
856.93634,47.0
857.2487,62.0
857.5612,60.0
857.87354,48.0
858.1858,53.0
858.4981,41.0
858.8103,59.0
859.1225,60.0
859.43463,47.0
859.74677,53.0
860.05884,57.0
860.3709,48.0
860.6829,60.0
860.99493,55.0
861.307,53.0
861.6189,48.0
861.9308,49.0
862.2427,59.0
862.5545,54.0
862.8663,54.0
863.17804,47.0
863.48975,55.0
863.80145,60.0
864.1131,42.0
864.4247,53.0
864.7364,52.0
865.048,51.0
865.3595,61.0
865.67096,48.0
865.9824,55.0
866.2938,59.0
866.6052,55.0
866.91656,55.0
867.2279,33.0
867.5392,58.0
867.85046,57.0
868.1617,45.0
868.473,59.0
868.7842,51.0
869.0953,57.0
869.4064,47.0
869.7174,55.0
870.02844,63.0
870.3394,47.0
870.6504,58.0
870.9613,55.0
871.2722,51.0
871.58307,59.0
871.89404,51.0
872.20483,51.0
872.5156,61.0
872.82635,43.0
873.137,61.0
873.4477,46.0
873.75836,57.0
874.069,55.0
874.3795,50.0
874.69006,58.0
875.00055,51.0
875.31104,55.0
875.6216,51.0
875.932,54.0
876.2424,63.0
876.55273,50.0
876.86304,58.0
877.17334,63.0
877.4836,45.0
877.7938,58.0
878.104,53.0
878.4141,50.0
878.72424,56.0
879.0345,50.0
879.34454,56.0
879.65454,54.0
879.96454,54.0
880.27454,49.0
880.5844,56.0
880.89435,60.0
881.2042,50.0
881.51404,59.0
881.82385,53.0
882.1336,59.0
882.44336,58.0
882.7532,48.0
883.06287,55.0
883.3725,55.0
883.6821,55.0
883.9917,55.0
884.3013,53.0
884.6108,53.0
884.9203,58.0
885.22974,52.0
885.5392,58.0
885.8486,55.0
886.158,55.0
886.4674,52.0
886.7767,60.0
887.08594,57.0
887.3952,52.0
887.7044,56.0
888.0136,49.0
888.32275,53.0
888.63184,53.0
888.941,49.0
889.25,61.0
889.559,58.0
889.86816,56.0
890.1771,59.0
890.486,57.0
890.7949,53.0
891.1038,58.0
891.41266,40.0
891.72144,62.0
892.0302,62.0
892.339,52.0
892.6477,41.0
892.9564,56.0
893.2652,62.0
893.5738,49.0
893.8824,55.0
894.191,55.0
894.4995,50.0
894.808,44.0
895.11646,49.0
895.4249,57.0
895.73334,61.0
896.0417,41.0
896.3501,58.0
896.6584,50.0
896.9668,57.0
897.2751,47.0
897.5833,45.0
897.8915,59.0
898.1997,55.0
898.5078,53.0
898.8159,47.0
899.124,57.0
899.43207,61.0
899.7401,53.0
900.0481,52.0
900.3562,51.0
900.6641,54.0
900.97205,60.0
901.2799,53.0
901.58777,56.0
901.89557,55.0
902.20337,51.0
902.5111,57.0
902.81885,43.0
903.1265,58.0
903.4342,56.0
903.742,45.0
904.04956,55.0
904.3572,55.0
904.66473,51.0
904.9722,42.0
905.2797,60.0
905.5872,64.0
905.89465,43.0
906.202,51.0
906.5094,48.0
906.8168,50.0
907.1241,58.0
907.4315,50.0
907.7388,64.0
908.046,61.0
908.3532,41.0
908.6604,58.0
908.9675,55.0
909.27466,54.0
909.5817,56.0
909.8888,60.0
910.1958,57.0
910.5028,51.0
910.80994,57.0
911.1169,41.0
911.42377,44.0
911.73065,62.0
912.03754,51.0
912.34436,55.0
912.6512,49.0
912.95795,54.0
913.2647,63.0
913.5714,49.0
913.8781,53.0
914.18475,62.0
914.4915,43.0
914.79816,59.0
915.10474,47.0
915.41125,56.0
915.7178,60.0
916.02423,45.0
916.33075,57.0
916.63715,57.0
916.9437,54.0
917.25006,60.0
917.55646,50.0
917.86273,61.0
918.16907,52.0
918.47534,57.0
918.78156,49.0
919.08777,60.0
919.394,63.0
919.70013,52.0
920.0063,53.0
920.3124,51.0
920.6186,57.0
920.9246,55.0
921.23065,52.0
921.5366,48.0
921.8426,54.0
922.14856,54.0
922.45447,55.0
922.7603,56.0
923.06616,51.0
923.372,49.0
923.67786,52.0
923.9837,62.0
924.2895,53.0
924.5952,51.0
924.9009,60.0
925.20654,57.0
925.5122,58.0
925.8178,49.0
926.1234,54.0
926.42896,53.0
926.7345,53.0
927.04,57.0
927.34546,51.0
927.65106,58.0
927.9565,50.0
928.26184,55.0
928.56726,56.0
928.87256,45.0
929.1779,60.0
929.4832,58.0
929.78845,39.0
930.0937,53.0
930.3989,53.0
930.7041,53.0
931.0094,42.0
931.3145,60.0
931.6196,63.0
931.9247,47.0
932.22974,53.0
932.5348,53.0
932.8398,58.0
933.1448,59.0
933.4497,52.0
933.75464,57.0
934.0595,55.0
934.3644,47.0
934.6694,57.0
934.9742,49.0
935.279,52.0
935.58374,42.0
935.8885,46.0
936.19324,61.0
936.4979,53.0
936.80255,49.0
937.1072,47.0
937.4118,59.0
937.7164,64.0
938.02106,53.0
938.3256,57.0
938.6301,54.0
938.93463,45.0
939.2391,58.0
939.5435,53.0
939.8479,55.0
940.1523,61.0
940.45667,51.0
940.761,55.0
941.0653,48.0
941.36957,54.0
941.67395,51.0
941.9782,51.0
942.2824,57.0
942.58655,47.0
942.89075,52.0
943.1949,48.0
943.49896,54.0
943.80304,64.0
944.1071,41.0
944.41113,55.0
944.71515,52.0
945.0193,54.0
945.32324,63.0
945.62714,51.0
945.931,53.0
946.2349,52.0
946.5388,53.0
946.84265,59.0
947.1464,41.0
947.4502,59.0
947.75397,60.0
948.05774,53.0
948.36145,54.0
948.6652,55.0
948.96893,56.0
949.2725,58.0
949.5762,50.0
949.87976,60.0
950.18335,43.0
950.4869,56.0
950.7904,51.0
951.0939,53.0
951.39734,58.0
951.7008,50.0
952.00433,52.0
952.30774,61.0
952.6111,41.0
952.9144,56.0
953.2178,49.0
953.52106,59.0
953.82434,57.0
954.1276,51.0
954.43085,61.0
954.7341,55.0
955.03723,47.0
955.3404,49.0
955.6437,60.0
955.9468,61.0
956.2499,49.0
956.5529,55.0
956.85596,51.0
957.159,52.0
957.462,59.0
957.76495,55.0
958.06793,44.0
958.37085,47.0
958.6737,58.0
958.97675,59.0
959.2796,42.0
959.5824,59.0
959.88525,54.0
960.18805,57.0
960.4908,53.0
960.7935,58.0
961.09625,55.0
961.3989,48.0
961.7016,58.0
962.0043,59.0
962.3069,47.0
962.6096,53.0
962.9122,57.0
963.2147,55.0
963.5173,58.0
963.8198,61.0
964.1223,57.0
964.42474,51.0
964.72723,59.0
965.02966,57.0
965.33203,49.0
965.6344,58.0
965.9369,52.0
966.23926,59.0
966.54156,56.0
966.8438,52.0
967.1461,54.0
967.4483,54.0
967.75055,49.0
968.05273,55.0
968.3549,37.0
968.6571,60.0
968.9592,55.0
969.26135,49.0
969.56354,62.0
969.8656,50.0
970.16766,63.0
970.4697,57.0
970.7717,49.0
971.07367,53.0
971.3757,53.0
971.6776,62.0
971.9795,51.0
972.2814,47.0
972.58325,59.0
972.88525,43.0
973.1871,53.0
973.4889,47.0
973.79065,56.0
974.0924,66.0
974.39417,45.0
974.6959,61.0
974.9976,57.0
975.29926,49.0
975.60095,61.0
975.9026,56.0
976.2042,63.0
976.5059,45.0
976.8075,51.0
977.1091,59.0
977.4106,47.0
977.7121,55.0
978.0136,57.0
978.31506,45.0
978.6165,60.0
978.9179,46.0
979.21936,48.0
979.52075,52.0
979.8222,54.0
980.1236,56.0
980.4249,54.0
980.7262,53.0
981.02747,51.0
981.32874,54.0
981.63,60.0
981.9312,47.0
982.2324,55.0
982.53357,44.0
982.8348,58.0
983.13605,59.0
983.43713,46.0
983.7383,58.0
984.0393,51.0
984.3404,53.0
984.6414,64.0
984.94244,43.0
985.24347,57.0
985.54443,52.0
985.8454,55.0
986.14636,58.0
986.44727,53.0
986.7483,57.0
987.0492,61.0
987.35004,35.0
987.6509,58.0
987.9517,56.0
988.2525,50.0
988.5533,42.0
988.85406,63.0
989.15485,56.0
989.45557,49.0
989.7562,49.0
990.05707,48.0
990.3577,59.0
990.6584,60.0
990.959,49.0
991.25964,55.0
991.5602,48.0
991.8608,50.0
992.1613,64.0
992.46185,46.0
992.7624,47.0
993.06287,59.0
993.36334,53.0
993.66394,59.0
993.96436,49.0
994.2648,62.0
994.5652,54.0
994.86554,51.0
995.16595,56.0
995.46625,51.0
995.7666,49.0
996.0669,48.0
996.3672,52.0
996.6675,60.0
996.96783,53.0
997.26807,56.0
997.5683,52.0
997.86847,60.0
998.16864,58.0
998.4688,53.0
998.7689,54.0
999.0691,51.0
999.3692,57.0
999.66925,57.0
999.96936,46.0
1000.2694,59.0
1000.5695,55.0
1000.86957,56.0
1001.16956,64.0
1001.46954,50.0
1001.7695,54.0
1002.06946,55.0
1002.3694,47.0
1002.66925,56.0
1002.9691,55.0
1003.269,52.0
1003.56885,49.0
1003.86884,60.0
1004.16864,58.0
1004.46844,47.0
1004.76825,57.0
1005.068,45.0
1005.36774,56.0
1005.6675,65.0
1005.96716,53.0
1006.26685,54.0
1006.5665,50.0
1006.8662,58.0
1007.16583,59.0
1007.46564,48.0
1007.7652,54.0
1008.0648,53.0
1008.3644,53.0
1008.66394,49.0
1008.9635,53.0
1009.263,61.0
1009.5625,56.0
1009.862,47.0
1010.1615,58.0
1010.46094,51.0
1010.7605,53.0
1011.05994,44.0
1011.3593,56.0
1011.6587,62.0
1011.95807,55.0
1012.25745,53.0
1012.55676,47.0
1012.8561,55.0
1013.1554,65.0
1013.4547,51.0
1013.75397,54.0
1014.0532,39.0
1014.3526,55.0
1014.6518,57.0
1014.951,47.0
1015.2502,55.0
1015.5494,53.0
1015.8486,51.0
1016.1477,56.0
1016.44684,47.0
1016.7459,52.0
1017.04504,55.0
1017.3441,52.0
1017.6433,56.0
1017.9423,54.0
1018.2414,54.0
1018.5404,52.0
1018.8394,54.0
1019.13837,60.0
1019.4373,37.0
1019.7363,55.0
1020.0352,47.0
1020.33417,54.0
1020.63306,61.0
1020.93195,53.0
1021.23096,49.0
1021.52985,52.0
1021.8287,48.0
1022.1275,57.0
1022.42633,45.0
1022.72516,53.0
1023.0239,52.0
1023.3227,50.0
1023.6214,59.0
1023.92017,43.0
1024.2189,59.0
1024.5177,53.0
1024.8164,42.0
1025.1151,58.0
1025.4138,57.0
1025.7124,55.0
1026.0111,51.0
1026.3097,56.0
1026.6083,61.0
1026.9069,55.0
1027.2054,51.0
1027.504,48.0
1027.8026,47.0
1028.1012,57.0
1028.3997,50.0
1028.6982,51.0
1028.9967,59.0
1029.2952,49.0
1029.5936,55.0
1029.8921,47.0
1030.1906,39.0
1030.4889,63.0
1030.7874,49.0
1031.0857,55.0
1031.3843,55.0
1031.6826,59.0
1031.981,55.0
1032.2793,49.0
1032.5776,52.0
1032.8759,55.0
1033.1742,49.0
1033.4724,50.0
1033.7708,56.0
1034.069,60.0
1034.3672,42.0
1034.6654,57.0
1034.9637,45.0
1035.262,61.0
1035.5602,61.0
1035.8583,52.0
1036.1565,55.0
1036.4546,51.0
1036.7527,51.0
1037.0509,62.0
1037.349,50.0
1037.6471,59.0
1037.9451,49.0
1038.2433,60.0
1038.5414,58.0
1038.8394,45.0
1039.1375,62.0
1039.4354,53.0
1039.7334,55.0
1040.0314,56.0
1040.3293,49.0
1040.6273,56.0
1040.9253,59.0
1041.2231,53.0
1041.5211,55.0
1041.8191,52.0
1042.1171,56.0
1042.4149,53.0
1042.7128,48.0
1043.0106,50.0
1043.3085,41.0
1043.6063,59.0
1043.9042,58.0
1044.2019,59.0
1044.4998,64.0
1044.7975,44.0
1045.0953,58.0
1045.3932,56.0
1045.6909,51.0
1045.9886,58.0
1046.2864,55.0
1046.5841,58.0
1046.8817,60.0
1047.1794,41.0
1047.477,56.0
1047.7748,64.0
1048.0724,49.0
1048.3701,40.0
1048.6677,52.0
1048.9655,56.0
1049.263,58.0
1049.5605,53.0
1049.8582,48.0
1050.1558,58.0
1050.4532,60.0
1050.7509,52.0
1051.0483,49.0
1051.3458,45.0
1051.6434,54.0
1051.941,58.0
1052.2385,45.0
1052.536,59.0
1052.8334,60.0
1053.1309,47.0
1053.4283,59.0
1053.7257,45.0
1054.0232,55.0
1054.3206,50.0
1054.618,55.0
1054.9154,54.0
1055.2129,54.0
1055.5103,46.0
1055.8076,47.0
1056.105,63.0
1056.4022,62.0
1056.6996,43.0
1056.997,55.0
1057.2942,48.0
1057.5914,54.0
1057.8888,54.0
1058.186,54.0
1058.4833,64.0
1058.7806,50.0
1059.0779,38.0
1059.3751,58.0
1059.6724,47.0
1059.9695,61.0
1060.2667,45.0
1060.564,55.0
1060.8611,61.0
1061.1582,47.0
1061.4554,55.0
1061.7526,57.0
1062.0498,42.0
1062.3469,63.0
1062.644,56.0
1062.9412,54.0
1063.2383,54.0
1063.5353,53.0
1063.8324,58.0
1064.1294,53.0
1064.4265,38.0
1064.7235,56.0
1065.0206,47.0
1065.3176,60.0
1065.6147,53.0
1065.9117,55.0
1066.2087,55.0
1066.5057,58.0
1066.8027,62.0
1067.0997,45.0
1067.3966,62.0
1067.6936,57.0
1067.9906,47.0
1068.2875,59.0
1068.5844,47.0
1068.8815,61.0
1069.1783,51.0
1069.4752,53.0
1069.7721,57.0
1070.069,53.0
1070.3658,45.0
1070.6627,46.0
1070.9596,56.0
1071.2565,56.0
1071.5532,46.0
1071.8501,50.0
1072.147,43.0
1072.4438,54.0
1072.7406,55.0
1073.0375,51.0
1073.3342,61.0
1073.631,59.0
1073.9277,45.0
1074.2245,60.0
1074.5212,48.0
1074.818,59.0
1075.1147,56.0
1075.4115,51.0
1075.7083,59.0
1076.005,55.0
1076.3018,57.0
1076.5984,51.0
1076.8951,52.0
1077.1918,57.0
1077.4884,52.0
1077.785,53.0
1078.0818,51.0
1078.3784,56.0
1078.675,59.0
1078.9717,44.0
1079.2684,59.0
1079.5651,56.0
1079.8616,50.0
1080.1582,52.0
1080.4548,49.0
1080.7513,57.0
1081.048,48.0
1081.3445,53.0
1081.6411,59.0
1081.9376,49.0
1082.2343,61.0
1082.5309,63.0
1082.8274,48.0
1083.1239,58.0
1083.4204,56.0
1083.7169,54.0
1084.0134,50.0
1084.3099,52.0
1084.6064,61.0
1084.903,55.0
1085.1993,52.0
1085.4958,45.0
1085.7924,53.0
1086.0889,57.0
1086.3854,54.0
1086.6818,52.0
1086.9783,47.0
1087.2747,58.0
1087.5712,61.0
1087.8676,48.0
1088.164,57.0
1088.4603,55.0
1088.7567,48.0
1089.0531,62.0
1089.3496,49.0
1089.646,52.0
1089.9424,59.0
1090.2388,52.0
1090.5352,55.0
1090.8314,42.0
1091.1278,50.0
1091.4242,53.0
1091.7205,50.0
1092.0168,55.0
1092.3131,55.0
1092.6095,49.0
1092.9059,53.0
1093.2021,52.0
1093.4985,53.0
1093.7948,55.0
1094.0911,53.0
1094.3873,46.0
1094.6836,55.0
1094.9799,53.0
1095.2761,48.0
1095.5724,53.0
1095.8687,44.0
1096.165,58.0
1096.4613,60.0
1096.7576,51.0
1097.0538,57.0
1097.35,60.0
1097.6462,47.0
1097.9425,58.0
1098.2386,50.0
1098.5349,50.0
1098.831,55.0
1099.1273,52.0
1099.4235,62.0
1099.7198,47.0
1100.016,55.0
1100.3121,59.0
1100.6084,56.0
1100.9045,60.0
1101.2007,53.0
1101.4968,49.0
1101.793,55.0
1102.0891,43.0
1102.3853,57.0
1102.6814,54.0
1102.9777,54.0
1103.2738,54.0
1103.57,49.0
1103.8661,53.0
1104.1622,55.0
1104.4584,53.0
1104.7544,47.0
1105.0505,58.0
1105.3467,60.0
1105.6427,53.0
1105.9388,59.0
1106.235,43.0
1106.5311,57.0
1106.8273,62.0
1107.1233,53.0
1107.4194,49.0
1107.7155,55.0
1108.0115,58.0
1108.3076,61.0
1108.6036,38.0
1108.8998,60.0
1109.1958,60.0
1109.4918,49.0
1109.788,54.0
1110.0841,56.0
1110.3801,51.0
1110.6761,45.0
1110.9722,58.0
1111.2682,63.0
1111.5642,45.0
1111.8602,59.0
1112.1562,59.0
1112.4523,56.0
1112.7483,61.0
1113.0444,51.0
1113.3405,56.0
1113.6365,56.0
1113.9325,52.0
1114.2285,56.0
1114.5244,53.0
1114.8204,57.0
1115.1165,53.0
1115.4125,56.0
1115.7084,56.0
1116.0044,54.0
1116.3004,51.0
1116.5964,43.0
1116.8925,60.0
1117.1885,59.0
1117.4844,42.0
1117.7804,60.0
1118.0763,57.0
1118.3723,55.0
1118.6682,62.0
1118.9642,45.0
1119.2603,53.0
1119.5562,55.0
1119.8522,48.0
1120.1482,62.0
1120.4441,53.0
1120.7401,53.0
1121.036,59.0
1121.332,47.0
1121.6279,58.0
1121.9238,58.0
1122.2198,52.0
1122.5157,48.0
1122.8116,46.0
1123.1077,56.0
1123.4037,55.0
1123.6996,53.0
1123.9955,53.0
1124.2915,58.0
1124.5874,56.0
1124.8833,56.0
1125.1792,52.0
1125.4751,47.0
1125.7711,51.0
1126.067,63.0
1126.3629,46.0
1126.6589,55.0
1126.9548,59.0
1127.2507,52.0
1127.5468,61.0
1127.8427,53.0
1128.1385,53.0
1128.4344,56.0
1128.7303,54.0
1129.0262,56.0
1129.3221,49.0
1129.618,57.0
1129.914,53.0
1130.21,54.0
1130.5059,60.0
1130.8018,51.0
1131.0978,50.0
1131.3937,49.0
1131.6896,53.0
1131.9855,61.0
1132.2814,55.0
1132.5773,55.0
1132.8732,53.0
1133.1691,49.0
1133.4651,59.0
1133.761,39.0
1134.0569,57.0
null
