wavelength,file1,
-146.20303,51.0
-145.79652,52.0
-145.39003,53.0
-144.98354,52.0
-144.57703,53.0
-144.17053,50.0
-143.76402,48.0
-143.35751,52.0
-142.95102,49.0
-142.54453,48.0
-142.13802,58.0
-141.73152,58.0
-141.32503,56.0
-140.91852,53.0
-140.51202,51.0
-140.10553,49.0
-139.69904,50.0
-139.29253,52.0
-138.88605,58.0
-138.47955,53.0
-138.07304,57.0
-137.66655,58.0
-137.26007,56.0
-136.85358,60.0
-136.44708,52.0
-136.0406,46.0
-135.63411,48.0
-135.22762,52.0
-134.82114,56.0
-134.41464,52.0
-134.00816,52.0
-133.60168,54.0
-133.1952,52.0
-132.78871,50.0
-132.38223,52.0
-131.97577,52.0
-131.56929,52.0
-131.16281,59.0
-130.75635,53.0
-130.34987,54.0
-129.94339,54.0
-129.53693,52.0
-129.13046,48.0
-128.724,49.0
-128.31754,58.0
-127.91107,53.0
-127.50461,58.0
-127.09816,54.0
-126.6917,52.0
-126.28524,48.0
-125.878784,48.0
-125.47235,48.0
-125.065895,52.0
-124.659454,52.0
-124.253006,52.0
-123.846565,51.0
-123.440125,61.0
-123.03369,48.0
-122.62726,52.0
-122.220825,52.0
-121.8144,56.0
-121.407974,62.0
-121.00154,70.0
-120.59512,61.0
-120.188705,58.0
-119.78229,55.0
-119.37588,56.0
-118.96946,55.0
-118.56306,58.0
-118.15665,62.0
-117.750244,61.0
-117.34385,55.0
-116.93745,57.0
-116.53105,57.0
-116.124664,57.0
-115.71828,49.0
-115.31189,47.0
-114.90551,51.0
-114.49913,57.0
-114.09276,51.0
-113.686386,53.0
-113.280014,56.0
-112.87364,50.0
-112.467285,54.0
-112.06093,52.0
-111.65457,52.0
-111.24822,56.0
-110.84187,60.0
-110.435524,60.0
-110.02919,55.0
-109.62285,56.0
-109.216515,54.0
-108.81019,52.0
-108.40386,56.0
-107.997536,58.0
-107.59121,56.0
-107.1849,60.0
-106.778595,58.0
-106.37228,56.0
-105.96598,56.0
-105.559685,51.0
-105.15338,54.0
-104.74709,56.0
-104.34081,54.0
-103.934525,56.0
-103.52825,56.0
-103.12198,60.0
-102.715706,56.0
-102.30943,56.0
-101.90318,52.0
-101.496925,48.0
-101.09067,52.0
-100.684425,56.0
-100.27818,60.0
-99.87194,56.0
-99.46571,54.0
-99.05949,50.0
-98.65326,49.0
-98.24704,56.0
-97.84083,54.0
-97.434616,54.0
-97.02841,54.0
-96.62222,54.0
-96.21602,56.0
-95.80983,60.0
-95.40365,52.0
-94.99747,48.0
-94.59129,48.0
-94.18513,52.0
-93.77896,58.0
-93.3728,57.0
-92.96665,55.0
-92.56051,54.0
-92.15436,50.0
-91.74822,52.0
-91.3421,52.0
-90.93597,52.0
-90.52985,58.0
-90.12373,53.0
-89.71763,56.0
-89.311516,58.0
-88.905426,52.0
-88.49934,56.0
-88.09325,48.0
-87.687164,50.0
-87.2811,48.0
-86.87502,56.0
-86.468956,56.0
-86.06291,56.0
-85.65685,56.0
-85.25081,49.0
-84.84477,52.0
-84.43874,54.0
-84.032715,52.0
-83.62669,54.0
-83.22069,54.0
-82.814674,53.0
-82.408676,59.0
-82.002686,58.0
-81.596695,56.0
-81.19072,52.0
-80.784744,48.0
-80.37878,54.0
-79.97281,55.0
-79.56686,55.0
-79.16091,58.0
-78.75497,54.0
-78.34904,52.0
-77.94311,57.0
-77.537186,56.0
-77.13127,52.0
-76.72537,56.0
-76.319466,55.0
-75.913574,52.0
-75.5077,53.0
-75.101814,53.0
-74.69594,56.0
-74.29008,52.0
-73.884224,48.0
-73.47837,56.0
-73.072525,56.0
-72.666695,56.0
-72.260864,60.0
-71.85505,52.0
-71.449234,50.0
-71.04343,49.0
-70.637634,52.0
-70.23184,54.0
-69.82606,56.0
-69.42029,53.0
-69.01452,54.0
-68.608765,53.0
-68.203,60.0
-67.797264,56.0
-67.39153,59.0
-66.985794,48.0
-66.58008,52.0
-66.17437,56.0
-65.76867,59.0
-65.362976,58.0
-64.95728,53.0
-64.551605,52.0
-64.145935,52.0
-63.74027,48.0
-63.334618,52.0
-62.928974,56.0
-62.52333,54.0
-62.117706,56.0
-61.712082,53.0
-61.30647,54.0
-60.90087,54.0
-60.49527,52.0
-60.089684,48.0
-59.6841,58.0
-59.278534,58.0
-58.87298,59.0
-58.467422,58.0
-58.061882,56.0
-57.65635,56.0
-57.25082,52.0
-56.845306,52.0
-56.439796,52.0
-56.034298,52.0
-55.628815,54.0
-55.223328,57.0
-54.81786,54.0
-54.41239,56.0
-54.006943,50.0
-53.6015,52.0
-53.196064,48.0
-52.79064,54.0
-52.385227,56.0
-51.97982,56.0
-51.574425,56.0
-51.169033,52.0
-50.763657,52.0
-50.35829,52.0
-49.95293,56.0
-49.547585,58.0
-49.14225,54.0
-48.736916,55.0
-48.331596,58.0
-47.926285,54.0
-47.52099,52.0
-47.1157,56.0
-46.710415,52.0
-46.30515,52.0
-45.899883,58.0
-45.494637,58.0
-45.0894,60.0
-44.684166,68.0
-44.27895,58.0
-43.87374,54.0
-43.468536,56.0
-43.063354,54.0
-42.65817,52.0
-42.253006,56.0
-41.84785,55.0
-41.442696,56.0
-41.037563,54.0
-40.632435,57.0
-40.22732,57.0
-39.82222,53.0
-39.41712,48.0
-39.01204,50.0
-38.606968,56.0
-38.201904,55.0
-37.796856,58.0
-37.391808,56.0
-36.986782,51.0
-36.581768,48.0
-36.176754,50.0
-35.77176,54.0
-35.366768,56.0
-34.9618,53.0
-34.55684,55.0
-34.151882,55.0
-33.746944,50.0
-33.34202,52.0
-32.937096,52.0
-32.53219,48.0
-32.127293,52.0
-31.72241,56.0
-31.31754,58.0
-30.912674,55.0
-30.507828,64.0
-30.102993,60.0
-29.698162,61.0
-29.29335,62.0
-28.888542,58.0
-28.483753,64.0
-28.078978,67.0
-27.674204,63.0
-27.269451,63.0
-26.8647,69.0
-26.459972,70.0
-26.055256,64.0
-25.650543,66.0
-25.24585,64.0
-24.84117,72.0
-24.436491,70.0
-24.031836,72.0
-23.627184,67.0
-23.222553,60.0
-22.81793,57.0
-22.413315,66.0
-22.00872,66.0
-21.60413,64.0
-21.19956,67.0
-20.795002,65.0
-20.39045,64.0
-19.985916,63.0
-19.581394,59.0
-19.17688,55.0
-18.772385,55.0
-18.367895,59.0
-17.963427,64.0
-17.558971,62.0
-17.15452,68.0
-16.750088,67.0
-16.34567,61.0
-15.941257,59.0
-15.536865,60.0
-15.132479,58.0
-14.728111,68.0
-14.323761,56.0
-13.9194145,70.0
-13.515087,63.0
-13.110765,71.0
-12.706467,68.0
-12.302179,72.0
-11.897898,64.0
-11.493639,76.0
-11.089394,74.0
-10.685154,72.0
-10.280933,76.0
-9.8767185,74.0
-9.472528,71.0
-9.068348,79.0
-8.664177,74.0
-8.260025,78.0
-7.8558826,82.0
-7.4517574,80.0
-7.0476475,77.0
-6.6435432,80.0
-6.239462,78.0
-5.835392,78.0
-5.4313316,88.0
-5.0272923,79.0
-4.6232586,76.0
-4.219246,81.0
-3.8152485,84.0
-3.4112568,86.0
-3.007288,86.0
-2.6033268,88.0
-2.1993847,88.0
-1.7954597,84.0
-1.3915386,94.0
-0.9876423,94.0
-0.5837593,85.0
-0.17988396,90.0
0.22397232,81.0
0.62781906,88.0
1.0316448,88.0
1.4354534,83.0
1.8392506,84.0
2.2430382,80.0
2.6468124,84.0
3.0505562,82.0
3.4543,92.0
3.8580284,85.0
4.2617435,83.0
4.6654263,82.0
5.069111,76.0
5.47278,88.0
5.876419,82.0
6.28006,93.0
6.6836815,86.0
7.0872765,81.0
7.4908676,86.0
7.894449,92.0
8.297995,92.0
8.701542,87.0
9.105074,85.0
9.508591,88.0
9.912075,92.0
10.315563,94.0
10.719032,93.0
11.122473,99.0
11.525911,92.0
11.929335,98.0
12.332727,96.0
12.73612,100.0
13.139494,95.0
13.542841,100.0
13.946184,92.0
14.349512,100.0
14.75281,98.0
15.156105,100.0
15.559387,96.0
15.96265,102.0
16.365885,97.0
16.769115,102.0
17.172333,102.0
17.575516,102.0
17.9787,99.0
18.381868,98.0
18.785006,102.0
19.188139,106.0
19.591257,104.0
19.994343,103.0
20.397429,100.0
20.800497,99.0
21.20355,99.0
21.606571,104.0
22.009588,96.0
22.412592,94.0
22.815563,94.0
23.21853,102.0
23.621485,102.0
24.024405,100.0
24.427322,98.0
24.830225,94.0
25.233091,89.0
25.63596,90.0
26.03881,95.0
26.441645,102.0
26.844446,98.0
27.247246,95.0
27.650028,99.0
28.05278,104.0
28.455526,101.0
28.858257,108.0
29.260954,98.0
29.66365,108.0
30.06633,106.0
30.468973,106.0
30.871618,104.0
31.274242,108.0
31.676851,95.0
32.07943,102.0
32.482002,106.0
32.884556,110.0
33.28708,114.0
33.689598,111.0
34.092102,110.0
34.49457,110.0
34.897038,108.0
35.299484,112.0
35.701904,112.0
36.104317,104.0
36.50671,116.0
36.90909,122.0
37.31143,116.0
37.713768,118.0
38.116096,114.0
38.518383,114.0
38.92067,109.0
39.322937,110.0
39.72517,112.0
40.127403,118.0
40.529617,114.0
40.931797,114.0
41.33397,114.0
41.73613,110.0
42.138268,108.0
42.540375,110.0
42.942474,108.0
43.34456,104.0
43.746605,110.0
44.14865,102.0
44.55068,108.0
44.95267,108.0
45.35466,102.0
45.75663,102.0
46.15857,93.0
46.5605,106.0
46.962414,110.0
47.36429,106.0
47.766167,112.0
48.168022,109.0
48.569862,107.0
48.971664,110.0
49.373463,108.0
49.77524,112.0
50.176987,106.0
50.578728,120.0
50.98045,119.0
51.382137,132.0
51.78382,130.0
52.185482,124.0
52.587112,120.0
52.98873,124.0
53.390343,123.0
53.791924,126.0
54.193474,119.0
54.59502,124.0
54.996544,123.0
55.398037,126.0
55.799522,120.0
56.20099,120.0
56.602417,114.0
57.00385,112.0
57.405254,120.0
57.806625,122.0
58.207993,122.0
58.609337,123.0
59.010666,115.0
59.411957,112.0
59.81324,118.0
60.214508,116.0
60.615738,125.0
61.016964,117.0
61.418167,122.0
61.81934,120.0
62.220505,120.0
62.621647,118.0
63.022755,116.0
63.42386,116.0
63.824936,116.0
64.226,120.0
64.62703,124.0
65.028046,121.0
65.42905,118.0
65.83001,112.0
66.23097,117.0
66.631905,124.0
67.03281,128.0
67.4337,122.0
67.83458,120.0
68.23541,116.0
68.636246,111.0
69.03706,116.0
69.43785,114.0
69.83861,112.0
70.23935,112.0
70.640076,108.0
71.04077,116.0
71.44145,120.0
71.84212,120.0
72.242744,126.0
72.643364,118.0
73.04396,119.0
73.44453,118.0
73.845085,117.0
74.24562,130.0
74.64613,134.0
75.04661,134.0
75.44708,131.0
75.84753,129.0
76.24794,136.0
76.648346,121.0
77.04872,124.0
77.44907,124.0
77.84941,130.0
78.249725,133.0
78.65001,138.0
79.050285,129.0
79.45054,124.0
79.85075,127.0
80.25096,130.0
80.65114,130.0
81.05131,130.0
81.45143,136.0
81.85155,133.0
82.25165,130.0
82.65171,128.0
83.05176,130.0
83.45179,122.0
83.85178,120.0
84.25177,122.0
84.65173,124.0
85.05166,128.0
85.45158,120.0
85.85147,122.0
86.25134,116.0
86.65118,116.0
87.051,120.0
87.450806,120.0
87.85057,122.0
88.250336,120.0
88.65007,117.0
89.04977,121.0
89.449455,120.0
89.84912,119.0
90.24875,114.0
90.64838,112.0
91.04797,117.0
91.44755,126.0
91.84709,119.0
92.24661,119.0
92.64612,121.0
93.045586,122.0
93.44505,118.0
93.84448,122.0
94.24388,125.0
94.64327,131.0
95.04264,123.0
95.44197,125.0
95.841286,121.0
96.24058,125.0
96.639854,123.0
97.039085,127.0
97.43831,125.0
97.83751,136.0
98.23668,133.0
98.635826,142.0
99.03496,140.0
99.43405,138.0
99.83313,129.0
100.23219,134.0
100.63121,131.0
101.03022,142.0
101.42921,135.0
101.82817,124.0
102.2271,122.0
102.62601,126.0
103.0249,129.0
103.42375,126.0
103.82259,116.0
104.221405,118.0
104.62019,122.0
105.01895,126.0
105.41771,134.0
105.81641,130.0
106.2151,125.0
106.61378,122.0
107.01243,121.0
107.41103,120.0
107.80963,120.0
108.208206,125.0
108.60674,121.0
109.005264,124.0
109.40377,118.0
109.80223,126.0
110.200676,126.0
110.599106,125.0
110.9975,118.0
111.39587,122.0
111.79422,133.0
112.192535,125.0
112.590836,127.0
112.989105,125.0
113.38736,120.0
113.78557,123.0
114.18378,123.0
114.581955,131.0
114.98009,136.0
115.37821,133.0
115.776306,128.0
116.17438,133.0
116.57242,129.0
116.97044,128.0
117.36842,127.0
117.7664,121.0
118.16435,138.0
118.56227,140.0
118.96016,136.0
119.35803,143.0
119.755875,133.0
120.15369,130.0
120.55148,121.0
120.94925,125.0
121.34698,135.0
121.7447,130.0
122.14239,128.0
122.54004,124.0
122.93768,127.0
123.3353,130.0
123.73288,127.0
124.13043,123.0
124.52797,121.0
124.92548,126.0
125.32295,131.0
125.72041,133.0
126.11784,124.0
126.515236,122.0
126.91261,119.0
127.30997,122.0
127.707275,117.0
128.10458,120.0
128.50186,126.0
128.89911,131.0
129.29631,123.0
129.69351,122.0
130.09067,121.0
130.4878,124.0
130.88492,117.0
131.28201,119.0
131.67906,122.0
132.0761,130.0
132.47311,133.0
132.87007,132.0
133.26703,132.0
133.66396,120.0
134.06085,122.0
134.45773,124.0
134.85457,129.0
135.2514,134.0
135.64818,128.0
136.04495,126.0
136.44168,129.0
136.83838,128.0
137.23508,133.0
137.63174,128.0
138.02835,121.0
138.42496,126.0
138.82153,133.0
139.21808,131.0
139.6146,134.0
140.01108,126.0
140.40756,122.0
140.80399,123.0
141.20041,122.0
141.59679,128.0
141.99313,129.0
142.38947,133.0
142.78577,133.0
143.18204,126.0
143.57828,131.0
143.9745,132.0
144.3707,127.0
144.76685,124.0
145.163,124.0
145.5591,128.0
145.95517,131.0
146.35123,132.0
146.74725,135.0
147.14323,126.0
147.5392,118.0
147.93513,124.0
148.33105,127.0
148.72693,126.0
149.12277,129.0
149.51862,127.0
149.91441,122.0
150.31017,137.0
150.70593,132.0
151.10164,121.0
151.49731,116.0
151.89297,124.0
152.2886,129.0
152.68423,134.0
153.07979,132.0
153.47531,129.0
153.87085,130.0
154.26633,128.0
154.66177,132.0
155.05722,139.0
155.45262,135.0
155.84798,129.0
156.24335,131.0
156.63864,141.0
157.03392,128.0
157.4292,138.0
157.82442,136.0
158.2196,134.0
158.61479,142.0
159.00992,148.0
159.40503,143.0
159.80014,142.0
160.19518,134.0
160.59018,133.0
160.9852,129.0
161.38016,134.0
161.77509,137.0
162.17001,148.0
162.5649,139.0
162.95976,136.0
163.35458,134.0
163.74936,132.0
164.14413,132.0
164.53886,123.0
164.93356,124.0
165.32825,133.0
165.72289,135.0
166.1175,136.0
166.5121,136.0
166.90665,138.0
167.30116,127.0
167.69568,129.0
168.09013,128.0
168.48456,131.0
168.879,134.0
169.27336,122.0
169.6677,124.0
170.06204,126.0
170.45631,138.0
170.85057,132.0
171.24481,119.0
171.639,116.0
172.03316,118.0
172.42732,118.0
172.82143,122.0
173.21548,136.0
173.60956,127.0
174.00357,119.0
174.39758,117.0
174.79153,132.0
175.18544,140.0
175.57936,142.0
175.97322,131.0
176.36705,130.0
176.76088,130.0
177.15463,133.0
177.54837,136.0
177.94211,136.0
178.33578,132.0
178.72943,138.0
179.12308,142.0
179.51666,144.0
179.91022,140.0
180.30377,144.0
180.69727,129.0
181.09073,123.0
181.48419,128.0
181.87758,137.0
182.27095,136.0
182.66432,136.0
183.05762,132.0
183.4509,131.0
183.84418,133.0
184.2374,135.0
184.6306,130.0
185.02376,130.0
185.41689,128.0
185.81,132.0
186.20306,131.0
186.59608,134.0
186.9891,124.0
187.38208,117.0
187.77502,118.0
188.16794,123.0
188.56082,122.0
188.95366,122.0
189.3465,121.0
189.73927,119.0
190.13202,126.0
190.52477,124.0
190.91745,119.0
191.3101,124.0
191.70276,114.0
192.09534,128.0
192.4879,130.0
192.88046,129.0
193.27295,131.0
193.6654,127.0
194.05788,123.0
194.45027,123.0
194.84267,123.0
195.23502,127.0
195.6273,135.0
196.01962,131.0
196.41185,128.0
196.80406,129.0
197.19626,129.0
197.58841,129.0
197.98053,129.0
198.37263,129.0
198.76468,134.0
199.1567,136.0
199.5487,137.0
199.94066,138.0
200.33258,137.0
200.7245,131.0
201.11635,127.0
201.50818,132.0
201.9,134.0
202.29175,134.0
202.68347,132.0
203.0752,129.0
203.46686,127.0
203.85849,130.0
204.2501,132.0
204.64168,126.0
205.0332,123.0
205.42473,126.0
205.8162,130.0
206.20766,134.0
206.59906,130.0
206.99042,127.0
207.38179,122.0
207.7731,125.0
208.16437,118.0
208.55563,132.0
208.94684,128.0
209.338,124.0
209.72917,123.0
210.12027,121.0
210.51135,122.0
210.9024,121.0
211.29341,116.0
211.68439,123.0
212.07536,120.0
212.46626,126.0
212.85713,126.0
213.248,134.0
213.63881,127.0
214.02959,125.0
214.42035,122.0
214.81107,132.0
215.20172,131.0
215.5924,129.0
215.983,130.0
216.37361,123.0
216.76414,133.0
217.15466,129.0
217.54517,137.0
217.9356,128.0
218.326,125.0
218.7164,134.0
219.10675,140.0
219.49704,144.0
219.88734,138.0
220.27759,130.0
220.66779,127.0
221.05798,135.0
221.44812,131.0
221.83823,141.0
222.22833,132.0
222.61836,122.0
223.00836,122.0
223.39835,129.0
223.78828,132.0
224.17819,126.0
224.56808,120.0
224.95792,116.0
225.34772,117.0
225.73749,123.0
226.12723,127.0
226.51695,132.0
226.9066,119.0
227.29623,117.0
227.68585,116.0
228.07541,117.0
228.46494,122.0
228.85445,124.0
229.2439,125.0
229.63332,121.0
230.02274,116.0
230.41208,120.0
230.8014,116.0
231.1907,116.0
231.57996,116.0
231.96918,120.0
232.35838,120.0
232.74753,122.0
233.13663,124.0
233.52574,126.0
233.91478,115.0
234.30377,120.0
234.69278,120.0
235.08171,126.0
235.47061,133.0
235.85951,131.0
236.24834,120.0
236.63713,127.0
237.02592,127.0
237.41464,129.0
237.80336,119.0
238.19202,119.0
238.58064,124.0
238.96925,140.0
239.3578,127.0
239.74632,136.0
240.13483,133.0
240.52327,127.0
240.91168,123.0
241.30008,131.0
241.68843,136.0
242.07674,134.0
242.46503,129.0
242.85326,127.0
243.24146,122.0
243.62965,126.0
244.01778,127.0
244.40587,120.0
244.79395,118.0
245.18198,128.0
245.56996,121.0
245.95793,124.0
246.34586,127.0
246.73373,118.0
247.1216,115.0
247.5094,117.0
247.8972,122.0
248.28494,120.0
248.67264,126.0
249.06033,122.0
249.44797,118.0
249.83556,115.0
250.22314,120.0
250.61066,126.0
250.99814,118.0
251.38562,118.0
251.77303,116.0
252.1604,126.0
252.54778,122.0
252.93509,126.0
253.32236,123.0
253.70961,117.0
254.0968,115.0
254.48396,121.0
254.87112,130.0
255.25821,130.0
255.64526,126.0
256.0323,134.0
256.41928,132.0
256.8062,144.0
257.19315,136.0
257.58002,132.0
257.9669,124.0
258.35367,126.0
258.74045,134.0
259.1272,130.0
259.5139,134.0
259.90054,133.0
260.28717,132.0
260.67377,131.0
261.0603,136.0
261.44684,129.0
261.83328,137.0
262.21973,127.0
262.60614,125.0
262.9925,128.0
263.3788,122.0
263.76514,126.0
264.1514,118.0
264.5376,119.0
264.9238,122.0
265.30994,122.0
265.69604,121.0
266.08212,128.0
266.46814,120.0
266.85413,118.0
267.2401,115.0
267.62604,120.0
268.0119,126.0
268.39777,122.0
268.78357,119.0
269.16937,118.0
269.5551,115.0
269.9408,120.0
270.32648,118.0
270.7121,124.0
271.0977,112.0
271.48325,114.0
271.86874,122.0
272.2542,128.0
272.63968,121.0
273.0251,123.0
273.41043,112.0
273.79578,115.0
274.18106,120.0
274.56628,124.0
274.95154,133.0
275.3367,127.0
275.72183,124.0
276.10696,126.0
276.492,125.0
276.877,124.0
277.26202,117.0
277.64697,123.0
278.03186,122.0
278.41678,130.0
278.8016,127.0
279.18643,129.0
279.57117,128.0
279.95587,119.0
280.34058,123.0
280.72522,125.0
281.10983,132.0
281.49442,128.0
281.87894,122.0
282.26343,122.0
282.64792,123.0
283.03232,122.0
283.4167,122.0
283.80106,116.0
284.18536,116.0
284.5696,120.0
284.95386,126.0
285.33804,122.0
285.7222,123.0
286.10632,123.0
286.4904,114.0
286.87442,115.0
287.25845,116.0
287.6424,116.0
288.0263,118.0
288.41022,121.0
288.79404,118.0
289.1779,120.0
289.56165,116.0
289.94534,118.0
290.32907,116.0
290.7127,120.0
291.0963,118.0
291.47992,118.0
291.86343,119.0
292.24695,121.0
292.63043,120.0
293.01382,119.0
293.39722,118.0
293.78058,122.0
294.16388,120.0
294.54712,130.0
294.93036,122.0
295.31354,123.0
295.6967,121.0
296.07983,122.0
296.4629,127.0
296.84592,126.0
297.2289,118.0
297.61188,118.0
297.99478,125.0
298.3777,128.0
298.7605,125.0
299.14328,121.0
299.52606,122.0
299.90878,117.0
300.2915,120.0
300.67413,129.0
301.0567,127.0
301.4393,129.0
301.8218,128.0
302.20428,126.0
302.58676,128.0
302.96915,125.0
303.3515,121.0
303.73386,122.0
304.11615,128.0
304.49838,134.0
304.8806,132.0
305.2628,140.0
305.6449,126.0
306.027,120.0
306.40906,120.0
306.79105,118.0
307.17303,121.0
307.55496,128.0
307.93686,120.0
308.31873,124.0
308.70053,118.0
309.0823,118.0
309.46405,116.0
309.84576,120.0
310.22742,112.0
310.60904,116.0
310.9906,126.0
311.37216,129.0
311.75363,126.0
312.13507,125.0
312.5165,119.0
312.8979,119.0
313.27924,126.0
313.66052,124.0
314.04178,128.0
314.423,130.0
314.8042,122.0
315.1853,128.0
315.5664,124.0
315.94748,128.0
316.3285,118.0
316.70947,121.0
317.09042,124.0
317.4713,134.0
317.85214,134.0
318.23297,138.0
318.61374,125.0
318.99448,119.0
319.37518,117.0
319.75583,124.0
320.13647,125.0
320.51703,127.0
320.89755,119.0
321.27808,124.0
321.6585,124.0
322.03894,119.0
322.4193,119.0
322.79962,116.0
323.17993,115.0
323.56018,120.0
323.9404,121.0
324.32056,123.0
324.70068,126.0
325.08078,122.0
325.46082,121.0
325.84085,123.0
326.2208,120.0
326.6007,120.0
326.98062,126.0
327.36047,120.0
327.74023,124.0
328.12006,118.0
328.49976,116.0
328.87943,118.0
329.2591,114.0
329.63867,114.0
330.01822,124.0
330.39777,125.0
330.77722,126.0
331.15668,124.0
331.53607,129.0
331.9154,119.0
332.29474,122.0
332.674,123.0
333.05322,124.0
333.43243,130.0
333.81158,123.0
334.19067,125.0
334.56976,129.0
334.9488,127.0
335.32776,130.0
335.70673,132.0
336.0856,120.0
336.46448,128.0
336.8433,136.0
337.22208,134.0
337.6008,136.0
337.97952,128.0
338.35815,119.0
338.73676,123.0
339.11536,121.0
339.49387,127.0
339.87234,127.0
340.25082,125.0
340.6292,122.0
341.0076,126.0
341.38593,121.0
341.7642,122.0
342.14246,122.0
342.52063,119.0
342.89877,120.0
343.27692,127.0
343.65497,128.0
344.033,127.0
344.411,120.0
344.78894,118.0
345.16684,117.0
345.54474,116.0
345.92255,116.0
346.3003,120.0
346.67807,121.0
347.05576,119.0
347.4334,120.0
347.81104,129.0
348.1886,118.0
348.56613,114.0
348.94363,114.0
349.32108,120.0
349.69846,126.0
350.07584,130.0
350.45316,128.0
350.83044,125.0
351.20767,122.0
351.58487,124.0
351.96204,132.0
352.33914,140.0
352.7162,135.0
353.09326,131.0
353.4702,124.0
353.84714,134.0
354.22406,127.0
354.60092,127.0
354.97772,124.0
355.35452,121.0
355.73123,121.0
356.1079,125.0
356.4846,131.0
356.86118,129.0
357.23773,121.0
357.61426,119.0
357.99075,120.0
358.36716,120.0
358.7436,120.0
359.11993,123.0
359.49622,125.0
359.8725,125.0
360.24872,125.0
360.62488,124.0
361.00104,123.0
361.37714,121.0
361.7532,117.0
362.1292,124.0
362.50516,122.0
362.8811,127.0
363.257,126.0
363.6328,120.0
364.00864,115.0
364.38437,114.0
364.76007,117.0
365.13574,124.0
365.51138,120.0
365.88693,121.0
366.2625,119.0
366.638,117.0
367.01343,120.0
367.3889,118.0
367.76422,118.0
368.13956,115.0
368.51486,118.0
368.89008,122.0
369.2653,120.0
369.64044,127.0
370.01556,123.0
370.39062,117.0
370.76566,117.0
371.14062,126.0
371.5156,129.0
371.89047,134.0
372.26532,128.0
372.64014,134.0
373.01492,133.0
373.38962,132.0
373.7643,124.0
374.13895,127.0
374.51355,125.0
374.88812,130.0
375.2626,129.0
375.6371,132.0
376.0115,136.0
376.38586,128.0
376.7602,126.0
377.13452,122.0
377.50876,121.0
377.88297,134.0
378.25714,138.0
378.63126,125.0
379.0053,125.0
379.37936,132.0
379.75336,130.0
380.1273,134.0
380.50122,130.0
380.87506,128.0
381.2489,124.0
381.62265,130.0
381.99637,134.0
382.3701,132.0
382.7437,125.0
383.1173,117.0
383.49088,117.0
383.86438,127.0
384.23785,120.0
384.61127,132.0
384.98465,121.0
385.35797,119.0
385.7313,121.0
386.10452,121.0
386.47772,118.0
386.8509,112.0
387.224,114.0
387.59708,122.0
387.97012,122.0
388.3431,134.0
388.71603,132.0
389.08896,131.0
389.4618,130.0
389.8346,125.0
390.2074,136.0
390.5801,137.0
390.95282,143.0
391.32544,144.0
391.698,135.0
392.0706,134.0
392.44308,138.0
392.81552,144.0
393.18796,137.0
393.56033,138.0
393.93265,137.0
394.30496,136.0
394.6772,144.0
395.04938,143.0
395.42154,136.0
395.79364,128.0
396.16568,127.0
396.53772,135.0
396.9097,136.0
397.28162,144.0
397.65353,137.0
398.02536,136.0
398.39716,129.0
398.76892,135.0
399.14062,133.0
399.51227,133.0
399.8839,125.0
400.2555,124.0
400.627,131.0
400.99854,132.0
401.36996,129.0
401.7414,133.0
402.11273,121.0
402.48404,117.0
402.85532,116.0
403.22653,122.0
403.5977,124.0
403.96884,123.0
404.33994,122.0
404.71097,123.0
405.082,127.0
405.45294,132.0
405.82385,130.0
406.19473,126.0
406.56555,128.0
406.9363,134.0
407.30707,138.0
407.67773,142.0
408.04837,130.0
408.419,130.0
408.78955,128.0
409.16003,130.0
409.53052,132.0
409.90094,138.0
410.2713,141.0
410.64166,128.0
411.01193,133.0
411.3822,136.0
411.75238,133.0
412.12253,135.0
412.49265,129.0
412.8627,140.0
413.23273,144.0
413.60272,142.0
413.97263,138.0
414.3425,138.0
414.71237,127.0
415.08215,133.0
415.4519,137.0
415.82162,152.0
416.19125,160.0
416.56088,140.0
416.93045,136.0
417.3,146.0
417.66943,137.0
418.0389,133.0
418.4083,133.0
418.77762,129.0
419.14694,135.0
419.51617,142.0
419.88538,134.0
420.25458,136.0
420.6237,128.0
420.99277,133.0
421.36182,126.0
421.73077,132.0
422.09973,135.0
422.46863,135.0
422.83746,131.0
423.2063,138.0
423.57504,131.0
423.94373,129.0
424.31244,129.0
424.68103,138.0
425.04962,138.0
425.41815,140.0
425.78665,142.0
426.1551,142.0
426.5235,139.0
426.89185,137.0
427.26013,139.0
427.6284,132.0
427.99664,141.0
428.3648,152.0
428.73294,157.0
429.101,149.0
429.46902,147.0
429.837,149.0
430.205,143.0
430.57288,149.0
430.94073,142.0
431.30853,138.0
431.67627,137.0
432.04398,147.0
432.4117,146.0
432.77933,147.0
433.14688,139.0
433.5144,139.0
433.8819,140.0
434.24933,133.0
434.6168,141.0
434.98413,153.0
435.35144,139.0
435.7187,137.0
436.08588,129.0
436.4531,129.0
436.82022,128.0
437.1873,134.0
437.55432,129.0
437.9213,138.0
438.2882,133.0
438.65518,137.0
439.022,131.0
439.3888,137.0
439.75555,130.0
440.12225,127.0
440.48892,129.0
440.8556,139.0
441.22217,141.0
441.58868,139.0
441.95517,128.0
442.3216,139.0
442.68796,144.0
443.05438,148.0
443.42065,126.0
443.78693,138.0
444.1531,132.0
444.51926,138.0
444.88538,133.0
445.2515,136.0
445.61752,131.0
445.9835,136.0
446.34943,119.0
446.7153,131.0
447.08118,137.0
447.44696,144.0
447.8127,135.0
448.1784,140.0
448.54407,145.0
448.90967,142.0
449.27527,142.0
449.64078,143.0
450.00626,148.0
450.37167,142.0
450.73706,148.0
451.1024,152.0
451.4677,152.0
451.83295,145.0
452.19815,137.0
452.5633,148.0
452.92838,148.0
453.29343,156.0
453.6585,154.0
454.02347,154.0
454.38837,139.0
454.75323,146.0
455.11804,138.0
455.4829,148.0
455.84763,142.0
456.2123,133.0
456.57693,132.0
456.94153,137.0
457.30606,137.0
457.67062,144.0
458.0351,133.0
458.39948,133.0
458.76385,129.0
459.12814,134.0
459.49243,141.0
459.8567,135.0
460.2209,133.0
460.585,130.0
460.94907,132.0
461.3131,138.0
461.6771,135.0
462.0411,125.0
462.405,123.0
462.76886,135.0
463.13266,135.0
463.4964,137.0
463.8601,131.0
464.22385,128.0
464.58746,122.0
464.95102,129.0
465.31454,132.0
465.67804,128.0
466.0415,134.0
466.4049,135.0
466.76825,135.0
467.13153,140.0
467.49478,136.0
467.85797,135.0
468.2212,126.0
468.5843,131.0
468.94736,142.0
469.31036,154.0
469.67334,150.0
470.03625,152.0
470.39917,144.0
470.76202,137.0
471.1248,134.0
471.48752,152.0
471.85022,148.0
472.21286,146.0
472.5755,129.0
472.93805,138.0
473.30054,134.0
473.663,147.0
474.02542,138.0
474.38776,137.0
474.75015,129.0
475.11243,139.0
475.47464,146.0
475.8368,145.0
476.19894,146.0
476.56107,140.0
476.9231,130.0
477.2851,133.0
477.64703,138.0
478.00894,137.0
478.3708,138.0
478.73264,128.0
479.0944,120.0
479.4561,125.0
479.81775,128.0
480.17938,133.0
480.54092,126.0
480.90253,126.0
481.26398,136.0
481.62543,136.0
481.9868,132.0
482.3481,142.0
482.7094,133.0
483.0707,131.0
483.4319,131.0
483.79303,128.0
484.15414,130.0
484.5152,138.0
484.87625,136.0
485.2372,140.0
485.5981,134.0
485.95898,138.0
486.3198,137.0
486.68057,148.0
487.04135,139.0
487.40204,145.0
487.76266,152.0
488.12323,155.0
488.48376,146.0
488.84427,148.0
489.20477,142.0
489.56516,139.0
489.9255,148.0
490.2858,152.0
490.64606,148.0
491.00626,144.0
491.3665,142.0
491.7266,138.0
492.08667,139.0
492.4467,148.0
492.80664,134.0
493.16656,133.0
493.52652,134.0
493.88635,142.0
494.24612,138.0
494.60587,144.0
494.96555,130.0
495.32526,138.0
495.68484,131.0
496.0444,135.0
496.4039,137.0
496.76337,143.0
497.12274,144.0
497.48218,140.0
497.8415,137.0
498.20074,143.0
498.55997,138.0
498.91913,126.0
499.27826,130.0
499.6374,140.0
499.99643,146.0
500.3554,148.0
500.71436,144.0
501.07324,142.0
501.43207,142.0
501.79092,138.0
502.1497,140.0
502.50836,147.0
502.86703,150.0
503.22565,145.0
503.5842,140.0
503.94275,145.0
504.3012,142.0
504.65964,141.0
505.018,135.0
505.37634,136.0
505.73468,133.0
506.0929,139.0
506.45108,135.0
506.8092,145.0
507.1673,140.0
507.52533,139.0
507.8834,140.0
508.24133,139.0
508.5992,149.0
508.95706,143.0
509.31488,131.0
509.6726,137.0
510.0304,142.0
510.38806,134.0
510.74567,123.0
511.1032,132.0
511.46075,122.0
511.8182,129.0
512.1757,130.0
512.5331,137.0
512.8904,131.0
513.2477,128.0
513.6049,120.0
513.96216,120.0
514.3193,116.0
514.6764,121.0
515.03345,127.0
515.39044,125.0
515.7474,122.0
516.1044,125.0
516.4612,121.0
516.818,117.0
517.17474,118.0
517.5315,118.0
517.8881,120.0
518.2448,124.0
518.6014,128.0
518.95795,131.0
519.3144,124.0
519.67084,121.0
520.0272,119.0
520.3836,125.0
520.73987,132.0
521.0961,134.0
521.45233,122.0
521.8085,125.0
522.16455,119.0
522.5206,127.0
522.87665,137.0
523.2326,127.0
523.5885,135.0
523.9444,137.0
524.30023,140.0
524.656,148.0
525.0117,152.0
525.36743,145.0
525.723,137.0
526.0786,131.0
526.4342,143.0
526.7897,149.0
527.1451,151.0
527.5005,140.0
527.85583,137.0
528.2111,136.0
528.5664,133.0
528.92163,133.0
529.27673,132.0
529.63184,129.0
529.9869,130.0
530.3419,132.0
530.6969,129.0
531.0518,134.0
531.4067,133.0
531.7615,117.0
532.1163,120.0
532.471,122.0
532.8257,120.0
533.18036,128.0
533.5349,120.0
533.88947,117.0
534.2439,119.0
534.5984,121.0
534.9528,120.0
535.3071,116.0
535.66144,116.0
536.0157,120.0
536.3699,130.0
536.72406,137.0
537.0782,135.0
537.43225,125.0
537.78625,116.0
538.1402,118.0
538.49414,120.0
538.848,128.0
539.20184,130.0
539.5556,127.0
539.9093,119.0
540.263,123.0
540.61664,127.0
540.9703,127.0
541.3238,122.0
541.6773,119.0
542.0307,126.0
542.3841,133.0
542.7375,138.0
543.0908,144.0
543.44403,142.0
543.79724,136.0
544.1504,129.0
544.5035,133.0
544.85657,137.0
545.2096,136.0
545.56256,130.0
545.91547,121.0
546.2683,127.0
546.62115,125.0
546.974,126.0
547.3267,129.0
547.6794,124.0
548.032,124.0
548.3846,126.0
548.7371,127.0
549.08966,127.0
549.4421,122.0
549.7945,117.0
550.1468,115.0
550.4991,113.0
550.8513,128.0
551.2036,118.0
551.5558,120.0
551.90784,116.0
552.2599,117.0
552.61194,113.0
552.9639,118.0
553.31586,114.0
553.6677,112.0
554.01953,114.0
554.3713,118.0
554.723,114.0
555.07477,118.0
555.4264,122.0
555.77795,115.0
556.12946,117.0
556.48096,122.0
556.8324,126.0
557.18384,124.0
557.53516,123.0
557.8865,118.0
558.23773,118.0
558.5889,124.0
558.94006,118.0
559.2912,117.0
559.6423,116.0
559.9933,121.0
560.34424,126.0
560.6951,131.0
561.046,134.0
561.3969,123.0
561.7477,116.0
562.0984,119.0
562.44904,121.0
562.7997,125.0
563.1503,127.0
563.50085,122.0
563.8513,122.0
564.2018,119.0
564.5521,122.0
564.90247,119.0
565.2528,118.0
565.6031,122.0
565.95325,116.0
566.3034,122.0
566.6535,121.0
567.0036,119.0
567.35364,122.0
567.7036,116.0
568.0535,115.0
568.4034,118.0
568.7532,118.0
569.10297,118.0
569.45276,118.0
569.8024,117.0
570.15204,118.0
570.5016,116.0
570.85114,117.0
571.2007,116.0
571.5501,112.0
571.89954,116.0
572.24884,124.0
572.59814,128.0
572.9474,126.0
573.29663,132.0
573.6458,136.0
573.9949,128.0
574.34393,122.0
574.69293,124.0
575.04193,124.0
575.39087,120.0
575.73975,117.0
576.08856,120.0
576.4374,119.0
576.7861,122.0
577.13477,117.0
577.4834,116.0
577.832,112.0
578.1805,121.0
578.52893,123.0
578.8774,128.0
579.22577,125.0
579.5742,116.0
579.92255,113.0
580.27075,114.0
580.61896,120.0
580.9671,123.0
581.31525,118.0
581.66327,119.0
582.0113,118.0
582.35925,119.0
582.70715,120.0
583.05505,114.0
583.40295,118.0
583.75073,130.0
584.09845,122.0
584.4461,132.0
584.79376,128.0
585.14136,112.0
585.4889,111.0
585.83636,116.0
586.1838,114.0
586.5312,116.0
586.87854,120.0
587.2258,115.0
587.5732,113.0
587.9204,115.0
588.2675,110.0
588.6146,112.0
588.9617,110.0
589.3087,112.0
589.65564,108.0
590.00256,120.0
590.3494,116.0
590.6962,112.0
591.043,114.0
591.3899,113.0
591.7366,112.0
592.0832,117.0
592.42975,118.0
592.7763,120.0
593.1228,118.0
593.46924,112.0
593.8156,113.0
594.1619,115.0
594.50824,116.0
594.8545,114.0
595.2007,113.0
595.547,112.0
595.89307,122.0
596.23914,121.0
596.58514,116.0
596.93115,118.0
597.27704,117.0
597.6229,119.0
597.96875,119.0
598.3145,122.0
598.6602,120.0
599.0059,120.0
599.3517,117.0
599.69727,118.0
600.0428,117.0
600.3883,112.0
600.7337,114.0
601.0791,112.0
601.42444,116.0
601.7698,126.0
602.11505,124.0
602.4602,126.0
602.8054,116.0
603.1505,105.0
603.49567,102.0
603.8407,108.0
604.18567,112.0
604.5306,116.0
604.8755,111.0
605.2203,111.0
605.56506,105.0
605.9098,110.0
606.2545,108.0
606.5991,112.0
606.9437,103.0
607.28827,108.0
607.6329,110.0
607.97736,114.0
608.3218,112.0
608.6661,112.0
609.0104,104.0
609.3547,109.0
609.69885,110.0
610.043,117.0
610.38715,118.0
610.7312,116.0
611.07526,111.0
611.4194,111.0
611.7633,110.0
612.1072,112.0
612.451,110.0
612.7948,114.0
613.13855,112.0
613.48224,114.0
613.82587,116.0
614.1695,119.0
614.513,117.0
614.8565,111.0
615.2,113.0
615.5435,107.0
615.8869,110.0
616.2302,116.0
616.5735,117.0
616.9167,117.0
617.2599,113.0
617.603,112.0
617.94604,114.0
618.2891,116.0
618.6321,112.0
618.97504,114.0
619.31805,118.0
619.6609,115.0
620.00366,116.0
620.34644,114.0
620.68915,103.0
621.0318,109.0
621.3744,103.0
621.717,108.0
622.0595,114.0
622.402,109.0
622.7444,113.0
623.08673,107.0
623.4292,110.0
623.7715,114.0
624.1137,102.0
624.45593,103.0
624.79803,106.0
625.14014,114.0
625.4822,110.0
625.82416,112.0
626.16614,106.0
626.50806,108.0
626.8499,104.0
627.19183,108.0
627.53357,110.0
627.8753,110.0
628.217,103.0
628.5586,110.0
628.9002,112.0
629.2417,111.0
629.5832,113.0
629.9246,112.0
630.266,108.0
630.60736,112.0
630.94867,114.0
631.29004,123.0
631.6312,119.0
631.97235,115.0
632.3135,115.0
632.65454,109.0
632.99554,118.0
633.33655,118.0
633.6774,118.0
634.0183,117.0
634.35913,109.0
634.69995,114.0
635.04065,112.0
635.3815,114.0
635.7221,108.0
636.0627,108.0
636.40326,106.0
636.7438,112.0
637.0842,110.0
637.4246,114.0
637.76495,112.0
638.1053,107.0
638.44556,112.0
638.78577,99.0
639.12604,106.0
639.4662,112.0
639.8063,111.0
640.1463,110.0
640.48627,108.0
640.82623,112.0
641.16614,116.0
641.506,120.0
641.84576,117.0
642.1855,116.0
642.5252,121.0
642.86487,121.0
643.2046,113.0
643.5442,113.0
643.88367,109.0
644.22314,113.0
644.5626,114.0
644.902,119.0
645.24133,113.0
645.58057,115.0
645.91986,111.0
646.25903,111.0
646.59814,109.0
646.9374,111.0
647.2764,108.0
647.6155,102.0
647.9544,108.0
648.29333,116.0
648.6322,119.0
648.971,120.0
649.3098,116.0
649.64856,111.0
649.98724,111.0
650.32587,110.0
650.6644,112.0
651.0031,118.0
651.3416,118.0
651.68005,111.0
652.01843,115.0
652.3568,114.0
652.6951,112.0
653.0334,112.0
653.37164,108.0
653.7098,108.0
654.0479,114.0
654.386,116.0
654.7242,112.0
655.06213,114.0
655.4001,106.0
655.738,112.0
656.0758,108.0
656.41364,120.0
656.7514,120.0
657.0891,118.0
657.42676,112.0
657.7644,116.0
658.102,110.0
658.43945,112.0
658.7771,110.0
659.1145,108.0
659.4519,104.0
659.78925,108.0
660.1265,111.0
660.4638,110.0
660.801,108.0
661.1382,101.0
661.4753,104.0
661.8123,108.0
662.14935,109.0
662.4863,118.0
662.82336,114.0
663.1603,110.0
663.4971,109.0
663.83386,118.0
664.1706,120.0
664.5073,112.0
664.844,112.0
665.1806,110.0
665.51715,112.0
665.85364,118.0
666.1901,116.0
666.5267,115.0
666.86304,109.0
667.19934,113.0
667.53564,114.0
667.8719,116.0
668.20807,122.0
668.54425,118.0
668.8803,118.0
669.2164,119.0
669.55237,119.0
669.88837,120.0
670.22424,116.0
670.56024,118.0
670.8961,118.0
671.2319,114.0
671.5676,116.0
671.9033,118.0
672.23895,114.0
672.5745,112.0
672.9101,113.0
673.2456,114.0
673.58105,116.0
673.91644,116.0
674.25195,112.0
674.5873,109.0
674.92255,111.0
675.2578,112.0
675.59296,108.0
675.9281,112.0
676.2632,108.0
676.59827,109.0
676.9333,116.0
677.26825,112.0
677.60315,116.0
677.938,112.0
678.27295,110.0
678.6077,106.0
678.94244,108.0
679.27716,112.0
679.61176,112.0
679.94635,113.0
680.28094,114.0
680.6154,110.0
680.9499,114.0
681.2843,116.0
681.61865,116.0
681.9531,116.0
682.28735,116.0
682.62164,125.0
682.9558,121.0
683.2899,121.0
683.624,117.0
683.95807,115.0
684.2921,113.0
684.62604,114.0
684.95996,114.0
685.2938,120.0
685.6277,118.0
685.96155,117.0
686.2953,117.0
686.62897,115.0
686.96265,116.0
687.2962,114.0
687.62976,112.0
687.96326,116.0
688.29675,114.0
688.6302,119.0
688.96356,116.0
689.2969,118.0
689.6301,111.0
689.9635,112.0
690.2967,116.0
690.6298,120.0
690.96295,118.0
691.296,115.0
691.629,118.0
691.962,115.0
692.2949,113.0
692.6278,118.0
692.96063,112.0
693.2934,112.0
693.6263,114.0
693.959,118.0
694.2916,121.0
694.6242,122.0
694.9568,112.0
695.2893,110.0
695.62177,112.0
695.9542,120.0
696.2866,118.0
696.61896,116.0
696.95123,114.0
697.28345,116.0
697.6158,115.0
697.948,113.0
698.2801,117.0
698.6122,116.0
698.94415,112.0
699.2762,116.0
699.6081,128.0
699.94,120.0
700.27185,122.0
700.60364,118.0
700.9354,114.0
701.2672,115.0
701.5989,112.0
701.93054,117.0
702.2621,119.0
702.5936,120.0
702.9251,116.0
703.2566,121.0
703.58795,118.0
703.9193,120.0
704.2507,116.0
704.5819,118.0
704.91315,114.0
705.24445,114.0
705.57556,117.0
705.9067,124.0
706.23773,122.0
706.5687,115.0
706.89966,115.0
707.2306,122.0
707.56146,121.0
707.8923,122.0
708.2231,114.0
708.55383,116.0
708.88464,115.0
709.2153,112.0
709.54584,117.0
709.8764,116.0
710.2069,107.0
710.5374,110.0
710.86786,118.0
711.19824,120.0
711.52856,124.0
711.8589,122.0
712.1891,112.0
712.5193,112.0
712.8496,108.0
713.1797,116.0
713.50977,118.0
713.83984,116.0
714.1698,115.0
714.49976,113.0
714.82965,117.0
715.1595,117.0
715.4893,116.0
715.8191,116.0
716.1488,128.0
716.47845,117.0
716.8082,119.0
717.1378,126.0
717.46735,125.0
717.7969,117.0
718.12634,115.0
718.45575,119.0
718.7851,118.0
719.11444,122.0
719.4437,121.0
719.773,126.0
720.1022,123.0
720.43146,124.0
720.76056,127.0
721.0896,126.0
721.41864,119.0
721.7476,120.0
722.07654,127.0
722.40546,129.0
722.7343,126.0
723.0631,122.0
723.39185,120.0
723.7206,116.0
724.04926,114.0
724.378,124.0
724.7066,126.0
725.03516,120.0
725.36365,119.0
725.6921,119.0
726.0205,116.0
726.3489,112.0
726.6772,114.0
727.0055,112.0
727.33374,112.0
727.6619,118.0
727.99023,119.0
728.3183,118.0
728.64636,115.0
728.9744,114.0
729.30237,111.0
729.6303,108.0
729.9582,114.0
730.2861,122.0
730.6139,120.0
730.94165,123.0
731.26935,121.0
731.59705,124.0
731.9248,119.0
732.2524,122.0
732.57996,126.0
732.9074,114.0
733.2349,117.0
733.5623,117.0
733.8897,121.0
734.21704,125.0
734.5443,119.0
734.8716,118.0
735.1988,117.0
735.52606,134.0
735.85315,134.0
736.18024,129.0
736.50726,122.0
736.8343,126.0
737.1612,122.0
737.4881,124.0
737.815,118.0
738.1418,126.0
738.46857,128.0
738.7953,140.0
739.122,142.0
739.4488,137.0
739.7754,125.0
740.1019,116.0
740.42847,114.0
740.75494,124.0
741.08136,122.0
741.4078,123.0
741.73413,118.0
742.0604,121.0
742.3867,118.0
742.7129,120.0
743.0391,127.0
743.36536,114.0
743.69147,114.0
744.0175,114.0
744.3435,126.0
744.6695,131.0
744.9954,128.0
745.3213,126.0
745.64716,112.0
745.9729,115.0
746.2987,117.0
746.6244,120.0
746.9502,123.0
747.2758,125.0
747.6014,122.0
747.92694,120.0
748.25244,125.0
748.57794,119.0
748.9033,128.0
749.2287,120.0
749.554,120.0
749.87933,125.0
750.2046,128.0
750.5298,136.0
750.8551,123.0
751.1802,120.0
751.5053,117.0
751.8303,119.0
752.15533,131.0
752.4803,136.0
752.8052,127.0
753.13007,125.0
753.4549,130.0
753.77966,129.0
754.10443,124.0
754.42926,124.0
754.7539,120.0
755.07855,128.0
755.40314,130.0
755.72766,140.0
756.0522,133.0
756.3766,135.0
756.70105,126.0
757.0254,122.0
757.34973,123.0
757.674,118.0
757.9982,122.0
758.3226,119.0
758.6467,119.0
758.9709,119.0
759.2949,121.0
759.619,118.0
759.943,114.0
760.26697,118.0
760.5909,124.0
760.91473,130.0
761.2385,137.0
761.5624,136.0
761.8862,124.0
762.2099,122.0
762.53357,120.0
762.8572,126.0
763.1808,125.0
763.50433,133.0
763.8278,124.0
764.1513,127.0
764.47473,126.0
764.7981,130.0
765.12146,137.0
765.4447,128.0
765.7681,120.0
766.0913,126.0
766.4145,134.0
766.7376,134.0
767.0607,134.0
767.3837,127.0
767.7068,117.0
768.0297,119.0
768.35266,125.0
768.67554,139.0
768.99835,136.0
769.32117,132.0
769.64404,123.0
769.9668,129.0
770.2895,137.0
770.6121,148.0
770.9347,133.0
771.25726,133.0
771.5798,130.0
771.9023,143.0
772.2247,139.0
772.5471,139.0
772.86945,133.0
773.1919,128.0
773.51416,125.0
773.83636,121.0
774.15857,124.0
774.4807,132.0
774.80286,127.0
775.12494,120.0
775.44696,130.0
775.7689,125.0
776.0909,122.0
776.4128,116.0
776.7347,116.0
777.0566,118.0
777.3784,124.0
777.70013,131.0
778.02185,130.0
778.3435,135.0
778.66516,130.0
778.98676,127.0
779.3083,132.0
779.62976,132.0
779.95123,133.0
780.27264,131.0
780.5942,127.0
780.9155,132.0
781.2368,133.0
781.5581,135.0
781.87933,125.0
782.2005,129.0
782.52167,140.0
782.8428,144.0
783.1638,149.0
783.48486,142.0
783.80585,132.0
784.1268,127.0
784.4478,121.0
784.7687,126.0
785.0895,135.0
785.4103,144.0
785.731,135.0
786.05176,139.0
786.3724,139.0
786.69305,138.0
787.0136,138.0
787.33417,132.0
787.65466,131.0
787.9753,131.0
788.2957,136.0
788.6161,140.0
788.9364,140.0
789.2567,139.0
789.577,132.0
789.8972,131.0
790.2174,131.0
790.5376,130.0
790.8577,133.0
791.1778,124.0
791.4978,123.0
791.81793,126.0
792.1379,123.0
792.4578,122.0
792.77765,120.0
793.09753,116.0
793.4173,116.0
793.73706,134.0
794.05676,137.0
794.37646,136.0
794.6961,125.0
795.01575,117.0
795.33527,121.0
795.6549,125.0
795.9744,125.0
796.2939,137.0
796.6133,130.0
796.9326,129.0
797.25195,133.0
797.5713,137.0
797.8905,133.0
798.2097,129.0
798.52893,125.0
798.848,136.0
799.16724,138.0
799.4863,135.0
799.80536,136.0
800.1243,135.0
800.44324,122.0
800.76215,133.0
801.081,127.0
801.39984,143.0
801.7186,137.0
802.03735,144.0
802.3561,137.0
802.67474,133.0
802.9935,137.0
803.31213,147.0
803.6307,138.0
803.94916,127.0
804.26764,132.0
804.5861,138.0
804.90454,148.0
805.2229,150.0
805.5412,139.0
805.8595,132.0
806.17773,129.0
806.4961,129.0
806.8142,131.0
807.1324,142.0
807.45044,132.0
807.76855,136.0
808.08655,131.0
808.40454,130.0
808.7225,128.0
809.0404,126.0
809.3583,127.0
809.6761,132.0
809.9939,136.0
810.31177,134.0
810.62946,133.0
810.94714,133.0
811.2648,129.0
811.5824,131.0
811.89996,126.0
812.21747,137.0
812.535,140.0
812.8524,131.0
813.16986,127.0
813.4872,127.0
813.8047,123.0
814.12195,132.0
814.4392,127.0
814.7565,124.0
815.07367,126.0
815.3908,133.0
815.7079,138.0
816.02496,140.0
816.34204,130.0
816.659,135.0
816.976,139.0
817.2929,143.0
817.6099,152.0
817.92676,144.0
818.2436,146.0
818.56036,152.0
818.8771,143.0
819.1938,156.0
819.51044,148.0
819.8271,147.0
820.1437,137.0
820.46027,140.0
820.77673,144.0
821.09326,144.0
821.4098,151.0
821.7262,141.0
822.04254,137.0
822.3589,135.0
822.6752,135.0
822.99146,144.0
823.3077,136.0
823.62384,132.0
823.94,125.0
824.2561,132.0
824.5722,127.0
824.88837,129.0
825.20435,116.0
825.5203,127.0
825.83624,123.0
826.1521,132.0
826.46796,135.0
826.7838,135.0
827.09955,129.0
827.4153,124.0
827.731,120.0
828.0467,134.0
828.3623,134.0
828.67804,146.0
828.9936,128.0
829.30914,126.0
829.62463,120.0
829.94006,129.0
830.2555,127.0
830.57086,129.0
830.88617,129.0
831.2015,130.0
831.5168,138.0
831.83203,140.0
832.14734,144.0
832.46246,136.0
832.7776,141.0
833.0927,135.0
833.4077,143.0
833.7228,151.0
834.0377,153.0
834.35266,144.0
834.6676,144.0
834.9825,147.0
835.2973,138.0
835.6121,130.0
835.927,129.0
836.2417,129.0
836.5564,129.0
836.8711,137.0
837.1857,139.0
837.5003,134.0
837.8148,131.0
838.12933,124.0
838.44385,125.0
838.7583,135.0
839.0727,139.0
839.3872,138.0
839.70154,123.0
840.0158,122.0
840.3301,126.0
840.6443,123.0
840.9585,125.0
841.2727,116.0
841.5868,125.0
841.9009,124.0
842.21497,131.0
842.52893,134.0
842.84296,131.0
843.157,128.0
843.47095,122.0
843.7848,119.0
844.09863,124.0
844.4125,128.0
844.7262,144.0
845.04,130.0
845.35364,125.0
845.66736,129.0
845.98096,127.0
846.29456,131.0
846.60815,128.0
846.92175,122.0
847.2353,132.0
847.5487,131.0
847.8622,138.0
848.17554,144.0
848.4889,128.0
848.8022,126.0
849.1155,127.0
849.4287,128.0
849.74194,131.0
850.0551,148.0
850.3684,129.0
850.6815,146.0
850.9946,143.0
851.3076,143.0
851.62067,142.0
851.9336,129.0
852.2466,127.0
852.55945,132.0
852.8724,133.0
853.1852,139.0
853.498,141.0
853.8107,137.0
854.1236,130.0
854.4363,124.0
854.74896,124.0
855.0616,127.0
855.3742,138.0
855.68677,128.0
855.99927,122.0
856.31177,128.0
856.62427,121.0
856.93665,137.0
857.2491,136.0
857.5615,132.0
857.8739,128.0
858.18616,131.0
858.4984,134.0
858.81067,136.0
859.1228,125.0
859.435,118.0
859.74713,120.0
860.0592,129.0
860.3713,122.0
860.6833,136.0
860.99524,129.0
861.3073,124.0
861.61926,129.0
861.93115,128.0
862.243,129.0
862.5548,133.0
862.8666,134.0
863.17834,138.0
863.49005,138.0
863.80176,144.0
864.1134,138.0
864.42505,142.0
864.73676,124.0
865.0483,132.0
865.3598,133.0
865.6713,146.0
865.9827,148.0
866.2942,141.0
866.6056,135.0
866.91693,135.0
867.2283,129.0
867.53955,139.0
867.85077,124.0
868.162,137.0
868.4733,129.0
868.7845,130.0
869.0956,127.0
869.4067,134.0
869.7178,129.0
870.02875,126.0
870.3398,126.0
870.6507,131.0
870.9617,137.0
871.2725,133.0
871.58344,129.0
871.8942,130.0
872.20514,123.0
872.5159,133.0
872.82666,131.0
873.1374,126.0
873.448,125.0
873.75867,126.0
874.0693,126.0
874.3798,132.0
874.69037,131.0
875.00085,126.0
875.31134,118.0
875.6219,125.0
875.9323,118.0
876.2427,131.0
876.55304,131.0
876.86334,128.0
877.17365,124.0
877.4839,133.0
877.7941,127.0
878.1043,127.0
878.4144,125.0
878.72455,125.0
879.03467,132.0
879.34485,134.0
879.65485,140.0
879.96484,154.0
880.2748,145.0
880.5847,141.0
880.89465,143.0
881.2045,152.0
881.51434,143.0
881.82416,153.0
882.1339,139.0
882.44366,132.0
882.7535,137.0
883.0632,132.0
883.3728,125.0
883.68243,128.0
883.992,127.0
884.3016,132.0
884.6111,131.0
884.9206,141.0
885.23004,142.0
885.5394,133.0
885.8489,122.0
886.1582,122.0
886.46765,122.0
886.777,131.0
887.08624,130.0
887.3955,136.0
887.7047,124.0
888.0139,130.0
888.32306,126.0
888.63214,132.0
888.9412,126.0
889.2503,128.0
889.5593,132.0
889.8684,138.0
890.17737,132.0
890.4863,131.0
890.7952,128.0
891.10406,122.0
891.4129,118.0
891.72174,123.0
892.0305,125.0
892.3393,131.0
892.648,128.0
892.95667,130.0
893.2653,126.0
893.5741,129.0
893.8827,123.0
894.1912,129.0
894.49976,125.0
894.8083,132.0
895.11676,127.0
895.4252,127.0
895.7336,136.0
896.042,132.0
896.35034,132.0
896.6587,132.0
896.967,133.0
897.2753,141.0
897.58356,145.0
897.8918,136.0
898.19995,132.0
898.5081,139.0
898.8162,138.0
899.1243,143.0
899.4324,141.0
899.74036,133.0
900.0484,146.0
900.3563,143.0
900.66437,139.0
900.9723,138.0
901.28015,135.0
901.588,124.0
901.8958,121.0
902.2036,129.0
902.51135,128.0
902.8191,131.0
903.12683,127.0
903.43445,133.0
903.7421,133.0
904.04974,133.0
904.3574,137.0
904.665,136.0
904.97253,126.0
905.28,128.0
905.58746,126.0
905.8949,134.0
906.2023,132.0
906.5097,133.0
906.817,118.0
907.1243,120.0
907.43164,121.0
907.739,126.0
908.04626,134.0
908.35345,128.0
908.66064,132.0
908.9678,128.0
909.2749,132.0
909.582,131.0
909.88904,129.0
910.1961,131.0
910.5031,133.0
910.81006,140.0
911.117,143.0
911.424,150.0
911.7309,141.0
912.0378,133.0
912.3446,131.0
912.6514,158.0
912.9582,151.0
913.26495,147.0
913.57166,150.0
913.87836,145.0
914.185,145.0
914.49164,147.0
914.79834,147.0
915.105,134.0
915.4115,127.0
915.718,138.0
916.0245,138.0
916.33093,144.0
916.6374,144.0
916.9438,146.0
917.2502,145.0
917.55664,152.0
917.863,153.0
918.1693,157.0
918.4756,148.0
918.7818,142.0
919.088,134.0
919.3942,133.0
919.7004,128.0
920.0065,134.0
920.3126,128.0
920.61865,128.0
920.9247,134.0
921.2309,138.0
921.53687,139.0
921.84283,140.0
922.14874,128.0
922.45465,125.0
922.76056,119.0
923.0664,122.0
923.37225,129.0
923.67804,133.0
923.9838,128.0
924.28955,126.0
924.5954,125.0
924.9011,131.0
925.2068,131.0
925.51245,131.0
925.81805,129.0
926.1236,129.0
926.4292,136.0
926.7347,147.0
927.0402,144.0
927.3457,142.0
927.6511,131.0
927.95654,139.0
928.2621,135.0
928.56744,147.0
928.8728,148.0
929.1781,137.0
929.4834,130.0
929.7887,141.0
930.09393,147.0
930.3991,135.0
930.7043,131.0
931.00946,144.0
931.3146,140.0
931.6198,148.0
931.9249,144.0
932.23,152.0
932.535,133.0
932.83997,123.0
933.14496,124.0
933.4499,122.0
933.7548,131.0
934.05975,139.0
934.3646,129.0
934.66943,121.0
934.97424,126.0
935.2792,128.0
935.584,131.0
935.8887,132.0
936.1934,122.0
936.4981,126.0
936.80273,128.0
937.1074,132.0
937.412,137.0
937.7166,135.0
938.0212,120.0
938.3257,118.0
938.6302,124.0
938.9348,130.0
939.23926,135.0
939.5437,132.0
939.84814,126.0
940.15247,128.0
940.45685,139.0
940.76117,130.0
941.0655,129.0
941.36975,133.0
941.674,136.0
941.9783,152.0
942.2826,143.0
942.5868,146.0
942.8909,133.0
943.19507,129.0
943.49915,123.0
943.8032,128.0
944.1073,129.0
944.4113,138.0
944.71533,132.0
945.01935,129.0
945.3233,129.0
945.6272,129.0
945.9313,129.0
946.2351,135.0
946.539,133.0
946.84283,134.0
947.1466,135.0
947.4504,141.0
947.75415,135.0
948.0579,131.0
948.36163,127.0
948.6653,123.0
948.96893,124.0
949.2727,134.0
949.57635,133.0
949.87994,130.0
950.1835,123.0
950.48706,126.0
950.7905,131.0
951.09406,129.0
951.3975,116.0
951.7009,118.0
952.0044,118.0
952.30774,126.0
952.61115,132.0
952.9146,132.0
953.21796,118.0
953.52124,115.0
953.8245,114.0
954.12775,116.0
954.431,116.0
954.7342,134.0
955.0374,135.0
955.3406,133.0
955.6437,130.0
955.94684,134.0
956.25,126.0
956.5531,136.0
956.85614,138.0
957.1592,136.0
957.46216,134.0
957.76514,138.0
958.06805,134.0
958.371,131.0
958.6739,122.0
958.97675,117.0
959.2796,120.0
959.58246,123.0
959.8854,132.0
960.1882,128.0
960.49097,120.0
960.7937,130.0
961.0964,130.0
961.3991,132.0
961.7018,125.0
962.0044,128.0
962.307,130.0
962.6096,135.0
962.91223,137.0
963.2149,142.0
963.51746,142.0
963.81995,133.0
964.12244,124.0
964.4249,124.0
964.72736,133.0
965.0298,128.0
965.33215,129.0
965.6346,122.0
965.9369,125.0
966.23926,123.0
966.54156,117.0
966.844,118.0
967.14624,114.0
967.4485,114.0
967.7507,120.0
968.0529,122.0
968.35504,126.0
968.6572,122.0
968.95935,114.0
969.2615,112.0
969.56354,114.0
969.86566,120.0
970.16766,121.0
970.46985,121.0
970.77185,122.0
971.0738,125.0
971.3758,127.0
971.67773,131.0
971.9796,128.0
972.2815,132.0
972.5834,130.0
972.88525,131.0
973.1871,138.0
973.4889,139.0
973.7908,129.0
974.0925,123.0
974.3943,125.0
974.69604,127.0
974.99774,127.0
975.2994,136.0
975.6011,120.0
975.9027,128.0
976.20435,123.0
976.5059,128.0
976.8075,127.0
977.1091,124.0
977.4107,126.0
977.7122,136.0
978.0137,140.0
978.3152,139.0
978.61664,136.0
978.918,137.0
979.2195,131.0
979.5209,129.0
979.8222,127.0
980.12354,132.0
980.42487,128.0
980.7263,125.0
981.0276,125.0
981.32886,126.0
981.6301,126.0
981.93134,122.0
982.23254,122.0
982.5337,116.0
982.83484,116.0
983.136,126.0
983.43713,123.0
983.7382,124.0
984.0393,129.0
984.3405,115.0
984.64154,115.0
984.94257,103.0
985.2436,121.0
985.54456,119.0
985.8455,121.0
986.1465,117.0
986.4474,123.0
986.7483,120.0
987.04913,117.0
987.35004,122.0
987.651,116.0
987.9518,124.0
988.2526,125.0
988.5534,135.0
988.8542,130.0
989.1549,131.0
989.4556,126.0
989.75635,127.0
990.057,127.0
990.3577,144.0
990.6583,138.0
990.959,126.0
991.2597,127.0
991.5603,127.0
991.86084,130.0
992.16144,129.0
992.462,124.0
992.76245,119.0
993.0629,125.0
993.3634,129.0
993.6639,127.0
993.9643,134.0
994.2648,129.0
994.5651,121.0
994.86566,123.0
995.166,122.0
995.4664,124.0
995.76666,128.0
996.067,119.0
996.36725,120.0
996.66754,121.0
996.9678,119.0
997.268,123.0
997.56824,114.0
997.8684,114.0
998.1687,122.0
998.4689,114.0
998.76904,122.0
999.06915,126.0
999.36926,122.0
999.6693,117.0
999.9694,114.0
1000.2695,113.0
1000.56946,116.0
1000.8695,118.0
1001.1695,119.0
1001.4695,118.0
1001.76953,130.0
1002.0695,122.0
1002.36945,122.0
1002.6693,120.0
1002.9692,122.0
1003.26904,122.0
1003.5689,128.0
1003.8688,130.0
1004.1686,132.0
1004.4684,123.0
1004.7682,122.0
1005.06805,120.0
1005.3678,125.0
1005.66754,121.0
1005.9672,121.0
1006.2669,121.0
1006.5666,127.0
1006.8663,119.0
1007.1659,124.0
1007.4655,130.0
1007.76514,126.0
1008.0647,116.0
1008.3643,120.0
1008.664,126.0
1008.9635,136.0
1009.26306,136.0
1009.56256,127.0
1009.86206,124.0
1010.1615,122.0
1010.461,127.0
1010.76044,138.0
1011.0598,138.0
1011.35925,122.0
1011.6586,121.0
1011.9581,122.0
1012.2575,118.0
1012.5568,119.0
1012.85614,122.0
1013.15546,114.0
1013.4547,116.0
1013.754,120.0
1014.0533,128.0
1014.3525,118.0
1014.65173,118.0
1014.9509,119.0
1015.2501,121.0
1015.54944,119.0
1015.8486,118.0
1016.1477,124.0
1016.44684,120.0
1016.746,117.0
1017.04504,116.0
1017.3441,121.0
1017.6432,116.0
1017.94226,119.0
1018.2413,114.0
1018.5403,124.0
1018.8393,130.0
1019.1384,133.0
1019.4374,138.0
1019.7363,130.0
1020.0353,121.0
1020.33417,116.0
1020.6331,116.0
1020.932,125.0
1021.23083,128.0
1021.5297,127.0
1021.8286,125.0
1022.12744,124.0
1022.42633,125.0
1022.72516,121.0
1023.0239,120.0
1023.3227,124.0
1023.62146,122.0
1023.92017,130.0
1024.2189,132.0
1024.5176,130.0
1024.8163,130.0
1025.115,127.0
1025.4137,118.0
1025.7123,120.0
1026.0111,126.0
1026.3097,136.0
1026.6083,119.0
1026.9069,117.0
1027.2054,118.0
1027.504,118.0
1027.8026,114.0
1028.1011,113.0
1028.3997,112.0
1028.6981,114.0
1028.9966,116.0
1029.2952,114.0
1029.5936,118.0
1029.8921,113.0
1030.1906,111.0
1030.4889,113.0
1030.7874,112.0
1031.0857,118.0
1031.3842,120.0
1031.6825,115.0
1031.9808,120.0
1032.2792,119.0
1032.5775,116.0
1032.8759,116.0
1033.1742,114.0
1033.4724,117.0
1033.7708,118.0
1034.069,124.0
1034.3672,122.0
1034.6654,120.0
1034.9636,118.0
1035.2618,120.0
1035.56,115.0
1035.8582,115.0
1036.1565,120.0
1036.4546,121.0
1036.7527,127.0
1037.0508,123.0
1037.3489,121.0
1037.647,123.0
1037.9451,118.0
1038.2432,116.0
1038.5411,119.0
1038.8392,116.0
1039.1372,121.0
1039.4353,120.0
1039.7334,126.0
1040.0314,120.0
1040.3293,114.0
1040.6273,114.0
1040.9253,118.0
1041.2231,118.0
1041.5211,120.0
1041.819,115.0
1042.117,114.0
1042.4148,114.0
1042.7126,118.0
1043.0105,120.0
1043.3085,112.0
1043.6063,112.0
1043.904,110.0
1044.2019,112.0
1044.4996,115.0
1044.7975,114.0
1045.0952,112.0
1045.393,111.0
1045.6908,112.0
1045.9885,116.0
1046.2861,116.0
1046.584,116.0
1046.8817,114.0
1047.1794,113.0
1047.477,109.0
1047.7747,114.0
1048.0724,109.0
1048.37,112.0
1048.6676,103.0
1048.9652,118.0
1049.2628,115.0
1049.5604,119.0
1049.858,114.0
1050.1556,116.0
1050.4532,116.0
1050.7507,116.0
1051.0483,112.0
1051.3458,122.0
1051.6433,120.0
1051.9408,119.0
1052.2383,111.0
1052.5358,112.0
1052.8333,111.0
1053.1307,113.0
1053.4282,112.0
1053.7257,112.0
1054.0231,106.0
1054.3206,116.0
1054.6179,117.0
1054.9153,116.0
1055.2126,114.0
1055.51,105.0
1055.8074,102.0
1056.1047,108.0
1056.4021,110.0
1056.6995,112.0
1056.9968,98.0
1057.2942,107.0
1057.5914,105.0
1057.8887,100.0
1058.1859,98.0
1058.4832,100.0
1058.7804,96.0
1059.0776,100.0
1059.3749,102.0
1059.6721,107.0
1059.9694,112.0
1060.2666,100.0
1060.5638,98.0
1060.861,92.0
1061.1582,92.0
1061.4553,100.0
1061.7524,92.0
1062.0496,97.0
1062.3467,98.0
1062.6438,94.0
1062.9409,96.0
1063.238,100.0
1063.5352,96.0
1063.8323,84.0
1064.1294,92.0
1064.4264,92.0
1064.7235,89.0
1065.0205,98.0
1065.3175,95.0
1065.6145,90.0
1065.9116,86.0
1066.2086,86.0
1066.5055,95.0
1066.8025,92.0
1067.0995,90.0
1067.3966,93.0
1067.6935,79.0
1067.9905,88.0
1068.2874,92.0
1068.5844,92.0
1068.8812,86.0
1069.1781,84.0
1069.475,84.0
1069.772,86.0
1070.0688,94.0
1070.3657,90.0
1070.6626,80.0
1070.9595,77.0
1071.2563,74.0
1071.5532,81.0
1071.85,77.0
1072.1469,79.0
1072.4436,82.0
1072.7404,75.0
1073.0372,70.0
1073.334,74.0
1073.6307,66.0
1073.9275,64.0
1074.2244,66.0
1074.5211,62.0
1074.8179,70.0
1075.1146,70.0
1075.4114,70.0
1075.7081,62.0
1076.0048,60.0
1076.3015,66.0
1076.5981,65.0
1076.8949,72.0
1077.1915,67.0
1077.4883,65.0
1077.7849,62.0
1078.0817,63.0
1078.3783,58.0
1078.6749,62.0
1078.9716,62.0
1079.2682,66.0
1079.5648,64.0
1079.8613,72.0
1080.158,76.0
1080.4546,70.0
1080.7511,67.0
1081.0479,60.0
1081.3444,65.0
1081.641,69.0
1081.9375,64.0
1082.2341,72.0
1082.5306,70.0
1082.8271,68.0
1083.1237,64.0
1083.4202,61.0
1083.7167,56.0
1084.0132,59.0
1084.3098,59.0
1084.6063,64.0
1084.9028,62.0
1085.1992,64.0
1085.4957,62.0
1085.7922,58.0
1086.0886,59.0
1086.3851,59.0
1086.6815,60.0
1086.978,58.0
1087.2744,59.0
1087.5708,58.0
1087.8674,60.0
1088.1638,59.0
1088.4602,52.0
1088.7566,52.0
1089.053,52.0
1089.3494,50.0
1089.6458,56.0
1089.9421,60.0
1090.2385,59.0
1090.5348,61.0
1090.8312,52.0
1091.1276,57.0
1091.424,56.0
1091.7203,52.0
1092.0167,54.0
1092.313,57.0
1092.6094,56.0
1092.9056,58.0
1093.2019,56.0
1093.4982,56.0
1093.7946,56.0
1094.0908,52.0
1094.3871,53.0
1094.6835,58.0
1094.9797,53.0
1095.276,56.0
1095.5723,54.0
1095.8685,52.0
1096.1648,53.0
1096.461,48.0
1096.7573,54.0
1097.0535,58.0
1097.3497,55.0
1097.646,54.0
1097.9421,51.0
1098.2385,52.0
1098.5347,43.0
1098.8309,48.0
1099.1271,48.0
1099.4233,50.0
1099.7195,56.0
1100.0157,56.0
1100.3119,59.0
1100.608,54.0
1100.9042,52.0
1101.2004,48.0
1101.4967,50.0
1101.7928,48.0
1102.089,58.0
1102.3851,53.0
1102.6813,56.0
1102.9774,59.0
1103.2736,52.0
1103.5697,52.0
1103.8658,52.0
1104.1619,50.0
1104.458,52.0
1104.7542,56.0
1105.0504,54.0
1105.3464,58.0
1105.6426,56.0
1105.9387,41.0
1106.2347,48.0
1106.5309,46.0
1106.8269,50.0
1107.123,54.0
1107.4191,56.0
1107.7152,60.0
1108.0112,57.0
1108.3074,58.0
1108.6035,56.0
1108.8995,52.0
1109.1956,48.0
1109.4917,52.0
1109.7877,58.0
1110.0837,58.0
1110.3798,56.0
1110.6758,58.0
1110.9718,50.0
1111.268,52.0
1111.564,56.0
1111.8601,52.0
1112.1561,58.0
1112.4521,59.0
1112.748,58.0
1113.0441,59.0
1113.3401,44.0
1113.6361,52.0
1113.9321,48.0
1114.2281,48.0
1114.5242,48.0
1114.8202,54.0
1115.1161,52.0
1115.4122,56.0
1115.7083,54.0
1116.0042,52.0
1116.3002,53.0
1116.5962,52.0
1116.8921,56.0
1117.1881,64.0
1117.4841,56.0
1117.78,55.0
1118.076,55.0
1118.372,55.0
1118.6681,56.0
1118.964,54.0
1119.26,48.0
1119.5559,54.0
1119.8519,56.0
1120.1478,60.0
1120.4438,60.0
1120.7397,44.0
1121.0358,48.0
1121.3317,48.0
1121.6276,50.0
1121.9236,48.0
1122.2196,52.0
1122.5155,55.0
1122.8114,53.0
1123.1074,58.0
1123.4033,54.0
1123.6992,56.0
1123.9952,52.0
1124.2911,56.0
1124.587,52.0
1124.8829,60.0
1125.1788,56.0
1125.475,64.0
1125.7709,54.0
1126.0668,56.0
1126.3627,60.0
1126.6586,58.0
1126.9545,58.0
1127.2505,58.0
1127.5464,54.0
1127.8423,54.0
1128.1382,51.0
1128.4341,58.0
1128.73,52.0
1129.026,52.0
1129.3219,48.0
1129.6178,54.0
1129.9137,54.0
1130.2096,57.0
1130.5056,56.0
1130.8015,54.0
1131.0974,51.0
1131.3933,56.0
1131.6892,56.0
1131.9851,54.0
1132.2811,58.0
1132.577,57.0
1132.8729,56.0
1133.1688,57.0
1133.4647,58.0
1133.7606,58.0
1134.0565,52.0
null
