wavelength,file1,
-145.59328,3067.0
-143.96729,3067.0
-142.34128,3069.0
-140.71529,3067.0
-139.0893,3068.0
-137.46332,3082.0
-135.83737,3086.0
-134.21143,3084.0
-132.5855,3084.0
-130.9596,3076.0
-129.33371,3019.0
-127.70786,2931.0
-126.08205,2825.0
-124.45626,2968.0
-122.830505,2882.0
-121.204796,2878.0
-119.57912,2879.0
-117.95349,2800.0
-116.32791,2955.0
-114.70237,2882.0
-113.07689,2598.0
-111.45145,2089.0
-109.826065,2091.0
-108.20076,2091.0
-106.57549,2087.0
-104.95031,2086.0
-103.32518,2089.0
-101.70012,2089.0
-100.075134,2090.0
-98.450226,2089.0
-96.82539,2091.0
-95.20064,2087.0
-93.575966,2088.0
-91.95137,2084.0
-90.32687,2086.0
-88.70247,2090.0
-87.078156,2086.0
-85.45393,2085.0
-83.8298,2084.0
-82.20578,2083.0
-80.58186,2086.0
-78.95804,2087.0
-77.334335,2086.0
-75.71075,2082.0
-74.087265,2085.0
-72.4639,2088.0
-70.84065,2087.0
-69.21752,2087.0
-67.59452,2084.0
-65.97165,2085.0
-64.34889,2083.0
-62.72628,2083.0
-61.103798,2087.0
-59.481457,2085.0
-57.859253,2086.0
-56.237186,2088.0
-54.615273,2085.0
-52.9935,2085.0
-51.371872,2086.0
-49.75041,2086.0
-48.129093,2086.0
-46.50794,2084.0
-44.88694,2089.0
-43.266106,2086.0
-41.645435,2087.0
-40.024933,2086.0
-38.404602,2088.0
-36.784443,2088.0
-35.164463,2087.0
-33.544655,2089.0
-31.92503,2088.0
-30.30559,2086.0
-28.686333,2092.0
-27.067265,2092.0
-25.448383,2089.0
-23.8297,2088.0
-22.211212,2090.0
-20.59292,2090.0
-18.974833,2089.0
-17.356945,2093.0
-15.7392645,2091.0
-14.121791,2090.0
-12.50453,2094.0
-10.887482,2092.0
-9.270649,2093.0
-7.6540365,2096.0
-6.0376415,2092.0
-4.4214745,2095.0
-2.805531,2095.0
-1.189817,2094.0
0.42566633,2097.0
2.0409198,2098.0
3.655933,2098.0
5.270704,2099.0
6.8852425,2098.0
8.499533,2099.0
10.113578,2098.0
11.727378,2100.0
13.34092,2098.0
14.954216,2100.0
16.567251,2103.0
18.180029,2099.0
19.792545,2107.0
21.404799,2108.0
23.016787,2103.0
24.62851,2107.0
26.239956,2102.0
27.851135,2105.0
29.462036,2105.0
31.072655,2105.0
32.683,2108.0
34.29306,2106.0
35.902832,2108.0
37.51232,2109.0
39.121513,2108.0
40.73042,2108.0
42.33903,2111.0
43.94734,2116.0
45.55535,2113.0
47.16306,2114.0
48.770462,2114.0
50.377563,2111.0
51.984344,2113.0
53.59082,2112.0
55.196983,2115.0
56.80283,2116.0
58.408356,2116.0
60.013557,2116.0
61.61844,2117.0
63.22299,2119.0
64.827225,2122.0
66.43111,2120.0
68.03467,2122.0
69.63789,2125.0
71.24078,2123.0
72.84333,2124.0
74.44554,2127.0
76.04739,2126.0
77.6489,2129.0
79.25007,2126.0
80.850876,2128.0
82.45133,2127.0
84.05143,2133.0
85.65117,2131.0
87.25056,2132.0
88.84956,2132.0
90.44821,2132.0
92.04649,2135.0
93.644394,2136.0
95.24194,2138.0
96.839096,2138.0
98.43588,2137.0
100.03229,2144.0
101.62831,2141.0
103.22395,2144.0
104.8192,2143.0
106.41407,2146.0
108.00854,2152.0
109.602615,2149.0
111.1963,2150.0
112.78958,2152.0
114.38247,2155.0
115.97495,2153.0
117.567024,2159.0
119.15871,2154.0
120.74996,2156.0
122.34081,2160.0
123.93125,2161.0
125.52127,2161.0
127.11088,2164.0
128.70007,2166.0
130.28882,2170.0
131.87717,2176.0
133.46509,2178.0
135.05257,2182.0
136.63962,2184.0
138.22623,2184.0
139.81242,2186.0
141.39816,2190.0
142.98347,2191.0
144.56833,2196.0
146.15277,2195.0
147.73674,2201.0
149.32027,2202.0
150.90335,2208.0
152.48596,2210.0
154.06815,2209.0
155.64986,2216.0
157.23111,2219.0
158.81192,2220.0
160.39224,2223.0
161.9721,2224.0
163.55151,2233.0
165.13043,2233.0
166.70891,2236.0
168.2869,2242.0
169.86441,2240.0
171.44144,2246.0
173.018,2248.0
174.59409,2251.0
176.16968,2254.0
177.74478,2252.0
179.3194,2258.0
180.89352,2260.0
182.46716,2266.0
184.04031,2269.0
185.61296,2268.0
187.18512,2278.0
188.75676,2274.0
190.32791,2277.0
191.89856,2280.0
193.46869,2280.0
195.03833,2283.0
196.60745,2288.0
198.17609,2292.0
199.74419,2291.0
201.31177,2292.0
202.87885,2296.0
204.44537,2296.0
206.01141,2302.0
207.57692,2305.0
209.1419,2304.0
210.70636,2312.0
212.2703,2313.0
213.8337,2318.0
215.39658,2324.0
216.9589,2324.0
218.52069,2329.0
220.08194,2334.0
221.64265,2332.0
223.20284,2343.0
224.76247,2342.0
226.32156,2347.0
227.8801,2348.0
229.43808,2353.0
230.99554,2358.0
232.55241,2358.0
234.10876,2364.0
235.66454,2365.0
237.21976,2370.0
238.77441,2374.0
240.32849,2377.0
241.88205,2386.0
243.43501,2394.0
244.98743,2397.0
246.53925,2399.0
248.09052,2407.0
249.6412,2410.0
251.19131,2414.0
252.74088,2417.0
254.28986,2419.0
255.83823,2426.0
257.38602,2431.0
258.93326,2435.0
260.47992,2441.0
262.02594,2446.0
263.5714,2447.0
265.1163,2454.0
266.66058,2455.0
268.20428,2460.0
269.74738,2468.0
271.2899,2467.0
272.8318,2477.0
274.3731,2481.0
275.91382,2484.0
277.45392,2485.0
278.9934,2489.0
280.53232,2496.0
282.07062,2499.0
283.60828,2503.0
285.1454,2506.0
286.68182,2511.0
288.21768,2512.0
289.75293,2522.0
291.28754,2521.0
292.82153,2528.0
294.3549,2530.0
295.88766,2545.0
297.41983,2543.0
298.9513,2545.0
300.48218,2553.0
302.01245,2552.0
303.54208,2562.0
305.0711,2561.0
306.59946,2566.0
308.1272,2569.0
309.6543,2575.0
311.18076,2575.0
312.7066,2580.0
314.2318,2587.0
315.75632,2592.0
317.28024,2597.0
318.80353,2600.0
320.3261,2601.0
321.8481,2603.0
323.36945,2608.0
324.8901,2608.0
326.41013,2615.0
327.9295,2620.0
329.44824,2624.0
330.96634,2628.0
332.48376,2630.0
334.0005,2638.0
335.5166,2638.0
337.03204,2644.0
338.54684,2654.0
340.06097,2658.0
341.5744,2666.0
343.08722,2665.0
344.59933,2673.0
346.11078,2672.0
347.62158,2672.0
349.1317,2679.0
350.64117,2679.0
352.14993,2682.0
353.65808,2690.0
355.16547,2693.0
356.67224,2693.0
358.17834,2698.0
359.68372,2700.0
361.18845,2705.0
362.6925,2709.0
364.19586,2716.0
365.69852,2717.0
367.2005,2715.0
368.7018,2724.0
370.20245,2726.0
371.7024,2732.0
373.20163,2730.0
374.70016,2734.0
376.19806,2739.0
377.69525,2737.0
379.19168,2742.0
380.68744,2743.0
382.18256,2749.0
383.67697,2754.0
385.17065,2759.0
386.66364,2764.0
388.15594,2768.0
389.64758,2770.0
391.13846,2774.0
392.62866,2771.0
394.11813,2779.0
395.6069,2778.0
397.09503,2783.0
398.5824,2785.0
400.06903,2792.0
401.555,2797.0
403.04025,2800.0
404.52478,2804.0
406.0086,2808.0
407.49173,2805.0
408.97415,2812.0
410.4558,2812.0
411.93677,2816.0
413.41705,2818.0
414.89655,2825.0
416.3754,2832.0
417.8535,2828.0
419.3309,2838.0
420.80756,2840.0
422.28348,2843.0
423.75873,2848.0
425.23322,2849.0
426.70697,2852.0
428.18005,2860.0
429.65237,2859.0
431.1239,2865.0
432.59485,2868.0
434.06497,2870.0
435.53436,2875.0
437.00305,2884.0
438.47104,2887.0
439.93823,2889.0
441.40472,2894.0
442.87048,2897.0
444.33554,2900.0
445.7998,2906.0
447.26337,2906.0
448.7262,2912.0
450.1883,2921.0
451.64966,2918.0
453.11026,2926.0
454.57013,2921.0
456.02927,2937.0
457.48767,2934.0
458.9453,2936.0
460.40222,2944.0
461.85843,2944.0
463.31387,2951.0
464.76852,2956.0
466.22253,2962.0
467.67572,2966.0
469.12817,2965.0
470.5799,2969.0
472.03085,2980.0
473.48108,2982.0
474.93054,2985.0
476.37933,2986.0
477.8273,2990.0
479.27454,2994.0
480.72104,3000.0
482.16678,3010.0
483.61176,3006.0
485.05603,3020.0
486.4995,3017.0
487.94226,3026.0
489.38425,3033.0
490.8255,3034.0
492.266,3035.0
493.7057,3040.0
495.1447,3044.0
496.58295,3050.0
498.0204,3054.0
499.45715,3060.0
500.89313,3062.0
502.3283,3071.0
503.76282,3074.0
505.1965,3079.0
506.62946,3084.0
508.0616,3088.0
509.49307,3091.0
510.92374,3102.0
512.35364,3102.0
513.78284,3103.0
515.21124,3111.0
516.6389,3114.0
518.0658,3124.0
519.49194,3126.0
520.9173,3128.0
522.3419,3138.0
523.76575,3137.0
525.1889,3147.0
526.6112,3146.0
528.0328,3154.0
529.4536,3153.0
530.87366,3163.0
532.29297,3167.0
533.7115,3165.0
535.1293,3176.0
536.54626,3179.0
537.9625,3184.0
539.37805,3194.0
540.7927,3197.0
542.2068,3198.0
543.61993,3204.0
545.0324,3207.0
546.4441,3218.0
547.855,3214.0
549.26514,3218.0
550.67456,3226.0
552.0832,3232.0
553.491,3239.0
554.8982,3243.0
556.30457,3248.0
557.71014,3246.0
559.115,3253.0
560.51904,3259.0
561.92236,3259.0
563.3248,3272.0
564.7267,3273.0
566.1276,3281.0
567.52795,3282.0
568.92737,3291.0
570.3262,3298.0
571.7242,3302.0
573.1213,3302.0
574.5178,3309.0
575.91345,3316.0
577.30835,3317.0
578.7026,3329.0
580.09595,3323.0
581.4886,3326.0
582.8805,3329.0
584.27155,3334.0
585.662,3338.0
587.0515,3346.0
588.44037,3355.0
589.8284,3358.0
591.2158,3361.0
592.6023,3368.0
593.98816,3372.0
595.37317,3374.0
596.75745,3378.0
598.141,3379.0
599.52374,3390.0
600.9057,3393.0
602.287,3402.0
603.6675,3400.0
605.0472,3408.0
606.4262,3408.0
607.8044,3416.0
609.1818,3422.0
610.5586,3419.0
611.93445,3428.0
613.3097,3432.0
614.6842,3441.0
616.0578,3444.0
617.4308,3448.0
618.803,3456.0
620.1744,3451.0
621.5451,3454.0
622.915,3466.0
624.28406,3465.0
625.6526,3469.0
627.0202,3477.0
628.3871,3477.0
629.7533,3480.0
631.1187,3484.0
632.4833,3493.0
633.8473,3501.0
635.21045,3504.0
636.5728,3511.0
637.9346,3511.0
639.2954,3513.0
640.6556,3515.0
642.015,3520.0
643.37366,3529.0
644.7316,3527.0
646.08887,3526.0
647.4452,3533.0
648.80096,3536.0
650.15594,3541.0
651.51013,3547.0
652.86365,3554.0
654.21643,3556.0
655.56836,3556.0
656.9197,3567.0
658.27014,3565.0
659.6199,3569.0
660.969,3572.0
662.31726,3577.0
663.6648,3580.0
665.0117,3579.0
666.3578,3588.0
667.7031,3590.0
669.0478,3597.0
670.39166,3604.0
671.73474,3601.0
673.0773,3605.0
674.41895,3614.0
675.7599,3614.0
677.1002,3619.0
678.43964,3615.0
679.77844,3621.0
681.1165,3623.0
682.45386,3626.0
683.79047,3630.0
685.12634,3628.0
686.4614,3633.0
687.79596,3638.0
689.12964,3643.0
690.4625,3650.0
691.7949,3651.0
693.12646,3656.0
694.4573,3659.0
695.7875,3661.0
697.1168,3664.0
698.4455,3662.0
699.7735,3664.0
701.1007,3668.0
702.4273,3671.0
703.75305,3679.0
705.0782,3674.0
706.4026,3684.0
707.7263,3683.0
709.04926,3685.0
710.3716,3694.0
711.6931,3695.0
713.01404,3700.0
714.3342,3700.0
715.6537,3699.0
716.9724,3709.0
718.2905,3703.0
719.6078,3709.0
720.92444,3713.0
722.2405,3713.0
723.5557,3716.0
724.87024,3715.0
726.1842,3725.0
727.4973,3726.0
728.8097,3721.0
730.1216,3730.0
731.43274,3726.0
732.7431,3731.0
734.05286,3731.0
735.3618,3734.0
736.67017,3738.0
737.97784,3736.0
739.2848,3742.0
740.5911,3739.0
741.8967,3746.0
743.20166,3746.0
744.5059,3744.0
745.8096,3746.0
747.11237,3746.0
748.4147,3753.0
749.7162,3754.0
751.017,3753.0
752.31726,3756.0
753.6168,3754.0
754.9156,3754.0
756.21387,3759.0
757.51135,3761.0
758.8082,3759.0
760.1045,3759.0
761.4,3762.0
762.6948,3768.0
763.98914,3763.0
765.2826,3767.0
766.5755,3767.0
767.8678,3774.0
769.1593,3777.0
770.45026,3778.0
771.7406,3781.0
773.03015,3782.0
774.3192,3782.0
775.6074,3790.0
776.89514,3782.0
778.18225,3787.0
779.4685,3791.0
780.7543,3789.0
782.0395,3795.0
783.32385,3791.0
784.6077,3796.0
785.89087,3802.0
787.17346,3802.0
788.4554,3805.0
789.7367,3802.0
791.0173,3807.0
792.29736,3809.0
793.5767,3807.0
794.85547,3812.0
796.13367,3809.0
797.41113,3812.0
798.68805,3814.0
799.96436,3812.0
801.24,3817.0
802.51495,3814.0
803.7895,3818.0
805.06323,3818.0
806.3364,3818.0
807.6091,3823.0
808.88104,3819.0
810.15234,3822.0
811.4232,3821.0
812.69324,3823.0
813.9629,3826.0
815.2318,3824.0
816.5001,3825.0
817.7678,3828.0
819.03503,3828.0
820.3015,3830.0
821.56757,3833.0
822.8329,3829.0
824.09766,3830.0
825.36194,3834.0
826.6255,3113.0
827.8884,2063.0
829.15094,2666.0
830.4128,2064.0
831.67395,2065.0
832.9347,2065.0
834.1948,2063.0
835.45435,2064.0
836.7133,2063.0
837.9717,2062.0
839.2295,2066.0
840.4868,2062.0
841.74347,2065.0
842.99963,2063.0
844.2552,2063.0
845.51013,2065.0
846.7646,2064.0
848.0185,2063.0
849.2717,2064.0
850.52454,2063.0
851.77673,2065.0
853.0284,2063.0
854.27954,2063.0
855.53015,2065.0
856.7801,2061.0
858.02966,2067.0
859.27856,2064.0
860.52686,2065.0
861.77484,2064.0
863.02216,2062.0
864.2689,2065.0
865.5152,2065.0
866.76086,2064.0
868.0061,2063.0
869.25073,2064.0
870.4949,2066.0
871.7385,2061.0
872.9817,2063.0
874.22424,2064.0
875.4663,2062.0
876.7079,2065.0
877.94885,2063.0
879.18945,2065.0
880.42944,2062.0
881.6689,2063.0
882.90796,2065.0
884.1465,2064.0
885.38446,2065.0
886.622,2065.0
887.859,2065.0
889.09546,2064.0
890.33154,2064.0
891.567,2065.0
892.80206,2065.0
894.0367,2062.0
895.2707,2067.0
896.5043,2063.0
897.7374,2064.0
898.97,2062.0
900.20215,2063.0
901.43384,2064.0
902.6649,2063.0
903.89575,2065.0
905.126,2064.0
906.3557,2065.0
907.5851,2065.0
908.81396,2065.0
910.04224,2063.0
911.2703,2063.0
912.49774,2064.0
913.7248,2065.0
914.9514,2065.0
916.1775,2065.0
917.40326,2065.0
918.6284,2062.0
919.85315,2063.0
921.07764,2064.0
922.3015,2064.0
923.52496,2065.0
924.74805,2061.0
925.97064,2066.0
927.19275,2064.0
928.41455,2064.0
929.63586,2064.0
930.8567,2064.0
932.07715,2064.0
933.29724,2065.0
934.51685,2063.0
935.7361,2063.0
936.9549,2061.0
938.1733,2063.0
939.3913,2063.0
940.60876,2063.0
941.82605,2065.0
943.0428,2064.0
944.2591,2064.0
945.4752,2065.0
946.6907,2062.0
947.90576,2066.0
949.1207,2063.0
950.3351,2066.0
951.5491,2065.0
952.76276,2063.0
953.976,2063.0
955.18884,2064.0
956.40137,2064.0
957.61346,2063.0
958.8252,2063.0
960.0366,2064.0
961.24756,2065.0
962.45825,2065.0
963.6685,2064.0
964.8784,2065.0
966.088,2065.0
967.2972,2062.0
968.50604,2065.0
969.71454,2064.0
970.9227,2065.0
972.13043,2065.0
973.3379,2063.0
974.54504,2063.0
975.7517,2063.0
976.9583,2064.0
978.1643,2062.0
979.37006,2063.0
980.57556,2065.0
981.7806,2065.0
982.98535,2065.0
984.1898,2063.0
985.394,2065.0
986.5978,2065.0
987.8013,2066.0
989.00446,2066.0
990.20734,2063.0
991.4099,2064.0
992.61206,2065.0
993.8141,2065.0
995.01575,2062.0
996.21704,2065.0
997.41815,2064.0
998.61884,2064.0
999.81934,2064.0
1001.01953,2065.0
1002.21936,2064.0
1003.41895,2065.0
1004.6183,2065.0
1005.8173,2064.0
1007.01605,2064.0
1008.2146,2065.0
1009.4128,2063.0
1010.6107,2065.0
1011.80835,2063.0
1013.00574,2064.0
1014.2029,2064.0
1015.3998,2060.0
1016.5963,2064.0
1017.7928,2061.0
1018.9889,2063.0
1020.1847,2063.0
1021.3803,2064.0
1022.57574,2064.0
1023.77075,2063.0
1024.9658,2063.0
1026.1604,2063.0
1027.3547,2061.0
1028.549,2064.0
1029.7428,2063.0
1030.9365,2062.0
1032.1301,2064.0
1033.3232,2064.0
1034.5164,2063.0
1035.7092,2063.0
1036.9019,2062.0
1038.0942,2063.0
1039.2864,2061.0
1040.4784,2064.0
1041.67,2063.0
1042.8617,2064.0
1044.053,2064.0
1045.2443,2063.0
1046.4352,2063.0
1047.6259,2062.0
1048.8167,2063.0
1050.007,2063.0
1051.1971,2063.0
1052.3873,2064.0
1053.5769,2064.0
1054.7667,2064.0
1055.9563,2065.0
1057.1455,2063.0
1058.3347,2065.0
1059.5237,2063.0
1060.7124,2064.0
1061.9011,2063.0
1063.0897,2063.0
1064.278,2065.0
1065.4662,2062.0
1066.6542,2062.0
1067.8422,2064.0
1069.0298,2063.0
1070.2174,2065.0
1071.4048,2062.0
1072.5923,2063.0
1073.7794,2064.0
1074.9664,2063.0
1076.1533,2065.0
1077.3401,2062.0
1078.5267,2062.0
1079.7134,2063.0
1080.8997,2063.0
1082.0859,2064.0
1083.2721,2063.0
1084.4581,2063.0
1085.6442,2064.0
1086.8301,2062.0
1088.0157,2065.0
1089.2014,2062.0
1090.387,2064.0
1091.5723,2064.0
1092.7577,2063.0
1093.943,2066.0
1095.128,2061.0
1096.3132,2064.0
1097.4982,2063.0
1098.683,2064.0
1099.8678,2063.0
1101.0526,2064.0
1102.2372,2061.0
1103.4219,2063.0
1104.6064,2063.0
1105.7908,2063.0
1106.9753,2064.0
1108.1595,2064.0
1109.3439,2063.0
1110.5282,2063.0
1111.7123,2064.0
1112.8964,2062.0
1114.0804,2064.0
1115.2645,2063.0
1116.4484,2065.0
1117.6323,2064.0
1118.8163,2063.0
1120.0001,2062.0
1121.1841,2065.0
1122.3677,2063.0
1123.5516,2063.0
1124.7354,2063.0
1125.919,2061.0
1127.1028,2062.0
1128.2865,2062.0
1129.4701,2064.0
1130.6538,2065.0
1131.8375,2061.0
null
