307.1864397
307.2997266
307.4130134
307.5263003
307.6395871
307.752874
307.8661609
307.9794477
308.0927346
308.2060214
308.3193083
308.4325951
308.545882
308.6591688
308.7724557
308.8857425
308.9990294
309.1123162
309.2256031
309.3388899
309.4521768
309.5654636
309.6787505
309.7920373
309.9053242
310.0186111
310.1318979
310.2451848
310.3584716
310.4717585
310.5850453
310.6983322
310.811619
310.9249059
311.0381927
311.1514796
311.2647664
311.3780533
311.4913401
311.604627
311.7179138
311.8312007
311.9444875
312.0577744
312.1710613
312.2843481
312.397635
312.5109218
312.6242087
312.7374955
312.8507824
312.9640692
313.0773561
313.1906429
313.3039298
313.4172166
313.5305035
313.6437903
313.7570772
313.870364
313.9836509
314.0969377
314.2102246
314.3235114
314.4367983
314.5500852
314.663372
314.7766589
314.8899457
315.0032326
315.1165194
315.2298063
315.3430931
315.45638
315.5696668
315.6829537
315.7962405
315.9095274
316.0228142
316.1361011
316.2493879
316.3626748
316.4759616
316.5892485
316.7025354
316.8158222
316.9291091
317.0423959
317.1556828
317.2689696
317.3822565
317.4955433
317.6088302
317.722117
317.8354039
317.9486907
318.0619776
318.1752644
318.2885513
318.4018381
318.515125
318.6284118
318.7416987
318.8549856
318.9682724
319.0815593
319.1948461
319.308133
319.4214198
319.5347067
319.6479935
319.7612804
319.8745672
319.9878541
320.1011409
320.2144278
320.3277146
320.4410015
320.5542883
320.6675752
320.780862
320.8941489
321.0074358
321.1207226
321.2340095
321.3472963
321.4605832
321.57387
321.6871569
321.8004437
321.9137306
322.0270174
322.1403043
322.2535911
322.366878
322.4801648
322.5934517
322.7067385
322.8200254
322.9333122
323.0465991
323.159886
323.2731728
323.3864597
323.4997465
323.6130334
323.7263202
323.8396071
323.9528939
324.0661808
324.1794676
324.2927545
324.4060413
324.5193282
324.632615
324.7459019
324.8591887
324.9724756
325.0857624
325.1990493
325.3123362
325.425623
325.5389099
325.6521967
325.7654836
325.8787704
325.9920573
326.1053441
326.218631
326.3319178
326.4452047
326.5584915
326.6717784
326.7850652
326.8983521
327.0116389
327.1249258
327.2382126
327.3514995
327.4647864
327.5780732
327.6913601
327.8046469
327.9179338
328.0312206
328.1445075
328.2577943
328.3710812
328.484368
328.5976549
328.7109417
328.8242286
328.9375154
329.0508023
329.1640891
329.277376
329.3906628
329.5039497
329.6172366
329.7305234
329.8438103
329.9570971
330.070384
330.1836708
330.2969577
330.4102445
330.5235314
330.6368182
330.7501051
330.8633919
330.9766788
331.0899656
331.2032525
331.3165393
331.4298262
331.543113
331.6563999
331.7696868
331.8829736
331.9962605
332.1095473
332.2228342
332.336121
332.4494079
332.5626947
332.6759816
332.7892684
332.9025553
333.0158421
333.129129
333.2424158
333.3557027
333.4689895
333.5822764
333.6955632
333.8088501
333.922137
334.0354238
334.1487107
334.2619975
334.3752844
334.4885712
334.6018581
334.7151449
334.8284318
334.9417186
335.0550055
335.1682923
335.2815792
335.394866
335.5081529
335.6214397
335.7347266
335.8480134
335.9613003
336.0745872
336.187874
336.3011609
336.4144477
336.5277346
336.6410214
336.7543083
336.8675951
336.980882
337.0941688
337.2074557
337.3207425
337.4340294
337.5473162
337.6606031
337.7738899
337.8871768
338.0004636
338.1137505
338.2270374
338.3403242
338.4536111
338.5668979
338.6801848
338.7934716
338.9067585
339.0200453
339.1333322
339.246619
339.3599059
339.4731927
339.5864796
339.6997664
339.8130533
339.9263401
340.039627
340.1529138
340.2662007
340.3794875
340.4927744
340.6060613
340.7193481
340.832635
340.9459218
341.0592087
341.1724955
341.2857824
341.3990692
341.5123561
341.6256429
341.7389298
341.8522166
341.9655035
342.0787903
342.1920772
342.305364
342.4186509
342.5319377
342.6452246
342.7585115
342.8717983
342.9850852
343.098372
343.2116589
343.3249457
343.4382326
343.5515194
343.6648063
343.7780931
343.89138
344.0046668
344.1179537
344.2312405
344.3445274
344.4578142
344.5711011
344.6843879
344.7976748
344.9109617
345.0242485
345.1375354
345.2508222
345.3641091
345.4773959
345.5906828
345.7039696
345.8172565
345.9305433
346.0438302
346.157117
346.2704039
346.3836907
346.4969776
346.6102644
346.7235513
346.8368381
346.950125
347.0634119
347.1766987
347.2899856
347.4032724
347.5165593
347.6298461
347.743133
347.8564198
347.9697067
348.0829935
348.1962804
348.3095672
348.4228541
348.5361409
348.6494278
348.7627146
348.8760015
348.9892883
349.1025752
349.2158621
349.3291489
349.4424358
349.5557226
349.6690095
349.7822963
349.8955832
350.00887
350.1221569
350.2354437
350.3487306
350.4620174
350.5753043
350.6885911
350.801878
350.9151648
351.0284517
351.1417385
351.2550254
351.3683123
351.4815991
351.594886
351.7081728
351.8214597
351.9347465
352.0480334
352.1613202
352.2746071
352.3878939
352.5011808
352.6144676
352.7277545
352.8410413
352.9543282
353.067615
353.1809019
353.2941887
353.4074756
353.5207625
353.6340493
353.7473362
353.860623
353.9739099
354.0871967
354.2004836
354.3137704
354.4270573
354.5403441
354.653631
354.7669178
354.8802047
354.9934915
355.1067784
355.2200652
355.3333521
355.4466389
355.5599258
355.6732127
355.7864995
355.8997864
356.0130732
356.1263601
356.2396469
356.3529338
356.4662206
356.5795075
356.6927943
356.8060812
356.919368
357.0326549
357.1459417
357.2592286
357.3725154
357.4858023
357.5990891
357.712376
357.8256629
357.9389497
358.0522366
358.1655234
358.2788103
358.3920971
358.505384
358.6186708
358.7319577
358.8452445
358.9585314
359.0718182
359.1851051
359.2983919
359.4116788
359.5249656
359.6382525
359.7515393
359.8648262
359.9781131
360.0913999
360.2046868
360.3179736
360.4312605
360.5445473
360.6578342
360.771121
360.8844079
360.9976947
361.1109816
361.2242684
361.3375553
361.4508421
361.564129
361.6774158
361.7907027
361.9039895
362.0172764
362.1305633
362.2438501
362.357137
362.4704238
362.5837107
362.6969975
362.8102844
362.9235712
363.0368581
363.1501449
363.2634318
363.3767186
363.4900055
363.6032923
363.7165792
363.829866
363.9431529
364.0564397
364.1697266
364.2830134
364.3963003
364.5095872
364.622874
364.7361609
364.8494477
364.9627346
365.0760214
365.1893083
365.3025951
365.415882
365.5291688
365.6424557
365.7557425
365.8690294
365.9823162
366.0956031
366.2088899
366.3221768
366.4354636
366.5487505
366.6620374
366.7753242
366.8886111
367.0018979
367.1151848
367.2284716
367.3417585
367.4550453
367.5683322
367.681619
367.7949059
367.9081927
368.0214796
368.1347664
368.2480533
368.3613401
368.474627
368.5879138
368.7012007
368.8144876
368.9277744
369.0410613
369.1543481
369.267635
369.3809218
369.4942087
369.6074955
369.7207824
369.8340692
369.9473561
370.0606429
370.1739298
370.2872166
370.4005035
370.5137903
370.6270772
370.740364
370.8536509
370.9669378
371.0802246
371.1935115
371.3067983
371.4200852
371.533372
371.6466589
371.7599457
371.8732326
371.9865194
372.0998063
372.2130931
372.32638
372.4396668
372.5529537
372.6662405
372.7795274
372.8928142
373.0061011
373.119388
373.2326748
373.3459617
373.4592485
373.5725354
373.6858222
373.7991091
373.9123959
374.0256828
374.1389696
374.2522565
374.3655433
374.4788302
374.592117
374.7054039
374.8186907
374.9319776
375.0452644
375.1585513
375.2718382
375.385125
375.4984119
375.6116987
375.7249856
375.8382724
375.9515593
376.0648461
376.178133
376.2914198
376.4047067
376.5179935
376.6312804
376.7445672
376.8578541
376.9711409
377.0844278
377.1977146
377.3110015
377.4242884
377.5375752
377.6508621
377.7641489
377.8774358
377.9907226
378.1040095
378.2172963
378.3305832
378.44387
378.5571569
378.6704437
378.7837306
378.8970174
379.0103043
379.1235911
379.236878
379.3501648
379.4634517
379.5767386
379.6900254
379.8033123
379.9165991
380.029886
380.1431728
380.2564597
380.3697465
380.4830334
380.5963202
380.7096071
380.8228939
380.9361808
381.0494676
381.1627545
381.2760413
381.3893282
381.502615
381.6159019
381.7291888
381.8424756
381.9557625
382.0690493
382.1823362
382.295623
382.4089099
382.5221967
382.6354836
382.7487704
382.8620573
382.9753441
383.088631
383.2019178
383.3152047
383.4284915
383.5417784
383.6550652
383.7683521
383.881639
383.9949258
384.1082127
384.2214995
384.3347864
384.4480732
384.5613601
384.6746469
384.7879338
384.9012206
385.0145075
385.1277943
385.2410812
385.354368
385.4676549
385.5809417
385.6942286
385.8075154
385.9208023
386.0340892
386.147376
386.2606629
386.3739497
386.4872366
386.6005234
386.7138103
386.8270971
386.940384
387.0536708
387.1669577
387.2802445
387.3935314
387.5068182
387.6201051
387.7333919
387.8466788
387.9599656
388.0732525
388.1865394
388.2998262
388.4131131
388.5263999
388.6396868
388.7529736
388.8662605
388.9795473
389.0928342
389.206121
389.3194079
389.4326947
389.5459816
389.6592684
389.7725553
389.8858421
389.999129
390.1124158
390.2257027
390.3389895
390.4522764
390.5655633
390.6788501
390.792137
390.9054238
391.0187107
391.1319975
391.2452844
391.3585712
391.4718581
391.5851449
391.6984318
391.8117186
391.9250055
392.0382923
392.1515792
392.264866
392.3781529
392.4914397
392.6047266
392.7180135
392.8313003
392.9445872
393.057874
393.1711609
393.2844477
393.3977346
393.5110214
393.6243083
393.7375951
393.850882
393.9641688
394.0774557
394.1907425
394.3040294
394.4173162
394.5306031
394.6438899
394.7571768
394.8704637
394.9837505
395.0970374
395.2103242
395.3236111
395.4368979
395.5501848
395.6634716
395.7767585
395.8900453
396.0033322
396.116619
396.2299059
396.3431927
396.4564796
396.5697664
396.6830533
396.7963401
396.909627
397.0229139
397.1362007
397.2494876
397.3627744
397.4760613
397.5893481
397.702635
397.8159218
397.9292087
398.0424955
398.1557824
398.2690692
398.3823561
398.4956429
398.6089298
398.7222166
398.8355035
398.9487903
399.0620772
399.1753641
399.2886509
399.4019378
399.5152246
399.6285115
399.7417983
399.8550852
399.968372
400.0816589
400.1949457
400.3082326
400.4215194
400.5348063
400.6480931
400.76138
400.8746668
400.9879537
401.1012405
401.2145274
401.3278143
401.4411011
401.554388
401.6676748
401.7809617
401.8942485
402.0075354
402.1208222
402.2341091
402.3473959
402.4606828
402.5739696
402.6872565
402.8005433
402.9138302
403.027117
403.1404039
403.2536907
403.3669776
403.4802645
403.5935513
403.7068382
403.820125
403.9334119
404.0466987
404.1599856
404.2732724
404.3865593
404.4998461
404.613133
404.7264198
404.8397067
404.9529935
405.0662804
405.1795672
405.2928541
405.4061409
405.5194278
405.6327147
405.7460015
405.8592884
405.9725752
406.0858621
406.1991489
406.3124358
406.4257226
406.5390095
406.6522963
406.7655832
406.87887
406.9921569
407.1054437
407.2187306
407.3320174
407.4453043
407.5585911
407.671878
407.7851649
407.8984517
408.0117386
408.1250254
408.2383123
408.3515991
408.464886
408.5781728
408.6914597
408.8047465
408.9180334
409.0313202
409.1446071
409.2578939
409.3711808
409.4844676
409.5977545
409.7110413
409.8243282
409.9376151
410.0509019
410.1641888
410.2774756
410.3907625
410.5040493
410.6173362
410.730623
410.8439099
410.9571967
411.0704836
411.1837704
411.2970573
411.4103441
411.523631
411.6369178
411.7502047
411.8634915
411.9767784
412.0900653
412.2033521
412.316639
412.4299258
412.5432127
412.6564995
412.7697864
412.8830732
412.9963601
413.1096469
413.2229338
413.3362206
413.4495075
413.5627943
413.6760812
413.789368
413.9026549
414.0159417
414.1292286
414.2425154
414.3558023
414.4690892
414.582376
414.6956629
414.8089497
414.9222366
415.0355234
415.1488103
415.2620971
415.375384
415.4886708
415.6019577
415.7152445
415.8285314
415.9418182
416.0551051
416.1683919
416.2816788
416.3949656
416.5082525
416.6215394
416.7348262
416.8481131
416.9613999
417.0746868
417.1879736
417.3012605
417.4145473
417.5278342
417.641121
417.7544079
417.8676947
417.9809816
418.0942684
418.2075553
418.3208421
418.434129
418.5474158
418.6607027
418.7739896
418.8872764
419.0005633
419.1138501
419.227137
419.3404238
419.4537107
419.5669975
419.6802844
419.7935712
419.9068581
420.0201449
420.1334318
420.2467186
420.3600055
420.4732923
420.5865792
420.699866
420.8131529
420.9264398
421.0397266
421.1530135
421.2663003
421.3795872
421.492874
421.6061609
421.7194477
421.8327346
421.9460214
422.0593083
422.1725951
422.285882
422.3991688
422.5124557
422.6257425
422.7390294
422.8523162
422.9656031
423.07889
423.1921768
423.3054637
423.4187505
423.5320374
423.6453242
423.7586111
423.8718979
423.9851848
424.0984716
424.2117585
424.3250453
424.4383322
424.551619
424.6649059
424.7781927
424.8914796
425.0047664
425.1180533
425.2313402
425.344627
425.4579139
425.5712007
425.6844876
425.7977744
425.9110613
426.0243481
426.137635
426.2509218
426.3642087
426.4774955
426.5907824
426.7040692
426.8173561
426.9306429
427.0439298
427.1572166
427.2705035
427.3837904
427.4970772
427.6103641
427.7236509
427.8369378
427.9502246
428.0635115
428.1767983
428.2900852
428.403372
428.5166589
428.6299457
428.7432326
428.8565194
428.9698063
429.0830931
429.19638
429.3096668
429.4229537
429.5362406
429.6495274
429.7628143
429.8761011
429.989388
430.1026748
430.2159617
430.3292485
430.4425354
430.5558222
430.6691091
430.7823959
430.8956828
431.0089696
431.1222565
431.2355433
431.3488302
431.462117
431.5754039
431.6886908
431.8019776
431.9152645
432.0285513
432.1418382
432.255125
432.3684119
432.4816987
432.5949856
432.7082724
432.8215593
432.9348461
433.048133
433.1614198
433.2747067
433.3879935
433.5012804
433.6145672
433.7278541
433.841141
433.9544278
434.0677147
434.1810015
434.2942884
434.4075752
434.5208621
434.6341489
434.7474358
434.8607226
434.9740095
435.0872963
435.2005832
435.31387
435.4271569
435.5404437
435.6537306
435.7670174
435.8803043
435.9935912
436.106878
436.2201649
436.3334517
436.4467386
436.5600254
436.6733123
436.7865991
436.899886
437.0131728
437.1264597
437.2397465
437.3530334
437.4663202
437.5796071
437.6928939
437.8061808
437.9194676
438.0327545
438.1460414
438.2593282
438.3726151
438.4859019
438.5991888
438.7124756
438.8257625
438.9390493
439.0523362
439.165623
439.2789099
439.3921967
439.5054836
439.6187704
439.7320573
439.8453441
439.958631
440.0719178
440.1852047
440.2984915
440.4117784
440.5250653
440.6383521
440.751639
440.8649258
440.9782127
441.0914995
441.2047864
441.3180732
441.4313601
441.5446469
441.6579338
441.7712206
441.8845075
441.9977943
442.1110812
442.224368
442.3376549
442.4509417
442.5642286
442.6775155
442.7908023
442.9040892
443.017376
443.1306629
443.2439497
443.3572366
443.4705234
443.5838103
443.6970971
443.810384
443.9236708
444.0369577
444.1502445
444.2635314
444.3768182
444.4901051
444.6033919
444.7166788
444.8299657
444.9432525
445.0565394
445.1698262
445.2831131
445.3963999
445.5096868
445.6229736
445.7362605
445.8495473
445.9628342
446.076121
446.1894079
446.3026947
446.4159816
446.5292684
446.6425553
446.7558421
446.869129
446.9824159
447.0957027
447.2089896
447.3222764
447.4355633
447.5488501
447.662137
447.7754238
447.8887107
448.0019975
448.1152844
448.2285712
448.3418581
448.4551449
448.5684318
448.6817186
448.7950055
448.9082923
449.0215792
449.1348661
449.2481529
449.3614398
449.4747266
449.5880135
449.7013003
449.8145872
449.927874
450.0411609
450.1544477
450.2677346
450.3810214
450.4943083
450.6075951
450.720882
450.8341688
450.9474557
451.0607425
451.1740294
451.2873163
451.4006031
451.51389
451.6271768
451.7404637
451.8537505
451.9670374
452.0803242
452.1936111
452.3068979
452.4201848
452.5334716
452.6467585
452.7600453
452.8733322
452.986619
453.0999059
453.2131927
453.3264796
453.4397665
453.5530533
453.6663402
453.779627
453.8929139
454.0062007
454.1194876
454.2327744
454.3460613
454.4593481
454.572635
454.6859218
454.7992087
454.9124955
455.0257824
455.1390692
455.2523561
455.3656429
455.4789298
455.5922167
455.7055035
455.8187904
455.9320772
456.0453641
456.1586509
456.2719378
456.3852246
456.4985115
456.6117983
456.7250852
456.838372
456.9516589
457.0649457
457.1782326
457.2915194
457.4048063
457.5180931
457.63138
457.7446669
457.8579537
457.9712406
458.0845274
458.1978143
458.3111011
458.424388
458.5376748
458.6509617
458.7642485
458.8775354
458.9908222
459.1041091
459.2173959
459.3306828
459.4439696
459.5572565
459.6705433
459.7838302
459.8971171
460.0104039
460.1236908
460.2369776
460.3502645
460.4635513
460.5768382
460.690125
460.8034119
460.9166987
461.0299856
461.1432724
461.2565593
461.3698461
461.483133
461.5964198
461.7097067
461.8229935
461.9362804
462.0495673
462.1628541
462.276141
462.3894278
462.5027147
462.6160015
462.7292884
462.8425752
462.9558621
463.0691489
463.1824358
463.2957226
463.4090095
463.5222963
463.6355832
463.74887
463.8621569
463.9754437
464.0887306
464.2020174
464.3153043
464.4285912
464.541878
464.6551649
464.7684517
464.8817386
464.9950254
465.1083123
465.2215991
465.334886
465.4481728
465.5614597
465.6747465
465.7880334
465.9013202
466.0146071
466.1278939
466.2411808
466.3544676
466.4677545
466.5810414
466.6943282
466.8076151
466.9209019
467.0341888
467.1474756
467.2607625
467.3740493
467.4873362
467.600623
467.7139099
467.8271967
467.9404836
468.0537704
468.1670573
468.2803441
468.393631
468.5069178
468.6202047
468.7334916
468.8467784
468.9600653
469.0733521
469.186639
469.2999258
469.4132127
469.5264995
469.6397864
469.7530732
469.8663601
469.9796469
470.0929338
470.2062206
470.3195075
470.4327943
470.5460812
470.659368
470.7726549
470.8859418
470.9992286
471.1125155
471.2258023
471.3390892
471.452376
471.5656629
471.6789497
471.7922366
471.9055234
472.0188103
472.1320971
472.245384
472.3586708
472.4719577
472.5852445
472.6985314
472.8118182
472.9251051
473.038392
473.1516788
473.2649657
473.3782525
473.4915394
473.6048262
473.7181131
473.8313999
473.9446868
474.0579736
474.1712605
474.2845473
474.3978342
474.511121
474.6244079
474.7376947
474.8509816
474.9642684
475.0775553
475.1908422
475.304129
475.4174159
475.5307027
475.6439896
475.7572764
475.8705633
475.9838501
476.097137
476.2104238
476.3237107
476.4369975
476.5502844
476.6635712
476.7768581
476.8901449
477.0034318
477.1167186
477.2300055
477.3432924
477.4565792
477.5698661
477.6831529
477.7964398
477.9097266
478.0230135
478.1363003
478.2495872
478.362874
478.4761609
478.5894477
478.7027346
478.8160214
478.9293083
479.0425951
479.155882
479.2691688
479.3824557
479.4957426
479.6090294
479.7223163
479.8356031
479.94889
480.0621768
480.1754637
480.2887505
480.4020374
480.5153242
480.6286111
480.7418979
480.8551848
480.9684716
481.0817585
481.1950453
481.3083322
481.421619
481.5349059
481.6481928
481.7614796
481.8747665
481.9880533
482.1013402
482.214627
482.3279139
482.4412007
482.5544876
482.6677744
482.7810613
482.8943481
483.007635
483.1209218
483.2342087
483.3474955
483.4607824
483.5740692
483.6873561
483.800643
483.9139298
484.0272167
484.1405035
484.2537904
484.3670772
484.4803641
484.5936509
484.7069378
484.8202246
484.9335115
485.0467983
485.1600852
485.273372
485.3866589
485.4999457
485.6132326
485.7265194
485.8398063
485.9530932
486.06638
486.1796669
486.2929537
486.4062406
486.5195274
486.6328143
486.7461011
486.859388
486.9726748
487.0859617
487.1992485
487.3125354
487.4258222
487.5391091
487.6523959
487.7656828
487.8789696
487.9922565
488.1055434
488.2188302
488.3321171
488.4454039
488.5586908
488.6719776
488.7852645
488.8985513
489.0118382
489.125125
489.2384119
489.3516987
489.4649856
489.5782724
489.6915593
489.8048461
489.918133
490.0314198
490.1447067
490.2579935
490.3712804
490.4845673
490.5978541
490.711141
490.8244278
490.9377147
491.0510015
491.1642884
491.2775752
491.3908621
491.5041489
491.6174358
491.7307226
491.8440095
491.9572963
492.0705832
492.18387
492.2971569
492.4104437
492.5237306
492.6370175
492.7503043
492.8635912
492.976878
493.0901649
493.2034517
493.3167386
493.4300254
493.5433123
493.6565991
493.769886
493.8831728
493.9964597
494.1097465
494.2230334
494.3363202
494.4496071
494.5628939
494.6761808
494.7894677
494.9027545
495.0160414
495.1293282
495.2426151
495.3559019
495.4691888
495.5824756
495.6957625
495.8090493
495.9223362
496.035623
496.1489099
496.2621967
496.3754836
496.4887704
496.6020573
496.7153441
496.828631
496.9419179
497.0552047
497.1684916
497.2817784
497.3950653
497.5083521
497.621639
497.7349258
497.8482127
497.9614995
498.0747864
498.1880732
498.3013601
498.4146469
498.5279338
498.6412206
498.7545075
498.8677943
498.9810812
499.0943681
499.2076549
499.3209418
499.4342286
499.5475155
499.6608023
499.7740892
499.887376
500.0006629
500.1139497
500.2272366
500.3405234
500.4538103
500.5670971
500.680384
500.7936708
500.9069577
501.0202445
501.1335314
501.2468183
501.3601051
501.473392
501.5866788
501.6999657
501.8132525
501.9265394
502.0398262
502.1531131
502.2663999
502.3796868
502.4929736
502.6062605
502.7195473
502.8328342
502.946121
503.0594079
503.1726947
503.2859816
503.3992685
503.5125553
503.6258422
503.739129
503.8524159
503.9657027
504.0789896
504.1922764
504.3055633
504.4188501
504.532137
504.6454238
504.7587107
504.8719975
504.9852844
505.0985712
505.2118581
505.3251449
505.4384318
505.5517187
505.6650055
505.7782924
505.8915792
506.0048661
506.1181529
506.2314398
506.3447266
506.4580135
506.5713003
506.6845872
506.797874
506.9111609
507.0244477
507.1377346
507.2510214
507.3643083
507.4775951
507.590882
507.7041689
507.8174557
507.9307426
508.0440294
508.1573163
508.2706031
508.38389
508.4971768
508.6104637
508.7237505
508.8370374
508.9503242
509.0636111
509.1768979
509.2901848
509.4034716
509.5167585
509.6300453
509.7433322
509.8566191
509.9699059
510.0831928
510.1964796
510.3097665
510.4230533
510.5363402
510.649627
510.7629139
510.8762007
510.9894876
511.1027744
511.2160613
511.3293481
511.442635
511.5559218
511.6692087
511.7824955
511.8957824
512.0090693
512.1223561
512.235643
512.3489298
512.4622167
512.5755035
512.6887904
512.8020772
512.9153641
513.0286509
513.1419378
513.2552246
513.3685115
513.4817983
513.5950852
513.708372
513.8216589
513.9349457
514.0482326
514.1615194
514.2748063
514.3880932
514.50138
514.6146669
514.7279537
514.8412406
514.9545274
515.0678143
515.1811011
515.294388
515.4076748
515.5209617
515.6342485
515.7475354
515.8608222
515.9741091
516.0873959
516.2006828
516.3139696
516.4272565
516.5405434
516.6538302
516.7671171
516.8804039
516.9936908
517.1069776
517.2202645
517.3335513
517.4468382
517.560125
517.6734119
517.7866987
517.8999856
518.0132724
518.1265593
518.2398461
518.353133
518.4664198
518.5797067
518.6929936
518.8062804
518.9195673
519.0328541
519.146141
519.2594278
519.3727147
519.4860015
519.5992884
519.7125752
519.8258621
519.9391489
520.0524358
520.1657226
520.2790095
520.3922963
520.5055832
520.61887
520.7321569
520.8454438
520.9587306
521.0720175
521.1853043
521.2985912
521.411878
521.5251649
521.6384517
521.7517386
521.8650254
521.9783123
522.0915991
522.204886
522.3181728
522.4314597
522.5447465
522.6580334
522.7713202
522.8846071
522.997894
523.1111808
523.2244677
523.3377545
523.4510414
523.5643282
523.6776151
523.7909019
523.9041888
524.0174756
524.1307625
524.2440493
524.3573362
524.470623
524.5839099
524.6971967
524.8104836
524.9237704
525.0370573
525.1503442
525.263631
525.3769179
525.4902047
525.6034916
525.7167784
525.8300653
525.9433521
526.056639
526.1699258
526.2832127
526.3964995
526.5097864
526.6230732
526.7363601
526.8496469
526.9629338
527.0762206
527.1895075
527.3027944
527.4160812
527.5293681
527.6426549
527.7559418
527.8692286
527.9825155
528.0958023
528.2090892
528.322376
528.4356629
528.5489497
528.6622366
528.7755234
528.8888103
529.0020971
529.115384
529.2286708
529.3419577
529.4552446
529.5685314
529.6818183
529.7951051
529.908392
530.0216788
530.1349657
530.2482525
530.3615394
530.4748262
530.5881131
530.7013999
530.8146868
530.9279736
531.0412605
531.1545473
531.2678342
531.381121
531.4944079
531.6076948
531.7209816
531.8342685
531.9475553
532.0608422
532.174129
532.2874159
532.4007027
532.5139896
532.6272764
532.7405633
532.8538501
532.967137
533.0804238
533.1937107
533.3069975
533.4202844
533.5335712
533.6468581
533.760145
533.8734318
533.9867187
534.1000055
534.2132924
534.3265792
534.4398661
534.5531529
534.6664398
534.7797266
534.8930135
535.0063003
535.1195872
535.232874
535.3461609
535.4594477
535.5727346
535.6860214
535.7993083
535.9125952
536.025882
536.1391689
536.2524557
536.3657426
536.4790294
536.5923163
536.7056031
536.81889
536.9321768
537.0454637
537.1587505
537.2720374
537.3853242
537.4986111
537.6118979
537.7251848
537.8384716
537.9517585
538.0650454
538.1783322
538.2916191
538.4049059
538.5181928
538.6314796
538.7447665
538.8580533
538.9713402
539.084627
539.1979139
539.3112007
539.4244876
539.5377744
539.6510613
539.7643481
539.877635
539.9909218
540.1042087
540.2174955
540.3307824
540.4440693
540.5573561
540.670643
540.7839298
540.8972167
541.0105035
541.1237904
541.2370772
541.3503641
541.4636509
541.5769378
541.6902246
541.8035115
541.9167983
542.0300852
542.143372
542.2566589
542.3699457
542.4832326
542.5965195
542.7098063
542.8230932
542.93638
543.0496669
543.1629537
543.2762406
543.3895274
543.5028143
543.6161011
543.729388
543.8426748
543.9559617
544.0692485
544.1825354
544.2958222
544.4091091
544.5223959
544.6356828
544.7489697
544.8622565
544.9755434
545.0888302
545.2021171
545.3154039
545.4286908
545.5419776
545.6552645
545.7685513
545.8818382
545.995125
546.1084119
546.2216987
546.3349856
546.4482724
546.5615593
546.6748461
546.788133
546.9014199
547.0147067
547.1279936
547.2412804
547.3545673
547.4678541
547.581141
547.6944278
547.8077147
547.9210015
548.0342884
548.1475752
548.2608621
548.3741489
548.4874358
548.6007226
548.7140095
548.8272963
548.9405832
549.0538701
549.1671569
549.2804438
549.3937306
549.5070175
549.6203043
549.7335912
549.846878
549.9601649
550.0734517
550.1867386
550.3000254
550.4133123
550.5265991
550.639886
550.7531728
550.8664597
550.9797465
551.0930334
551.2063203
551.3196071
551.432894
551.5461808
551.6594677
551.7727545
551.8860414
551.9993282
552.1126151
552.2259019
552.3391888
552.4524756
552.5657625
552.6790493
552.7923362
552.905623
553.0189099
553.1321967
553.2454836
553.3587705
553.4720573
553.5853442
553.698631
553.8119179
553.9252047
554.0384916
554.1517784
554.2650653
554.3783521
554.491639
554.6049258
554.7182127
554.8314995
554.9447864
555.0580732
555.1713601
555.2846469
555.3979338
555.5112207
555.6245075
555.7377944
555.8510812
555.9643681
556.0776549
556.1909418
556.3042286
556.4175155
556.5308023
556.6440892
556.757376
556.8706629
556.9839497
557.0972366
557.2105234
557.3238103
557.4370971
557.550384
557.6636709
557.7769577
557.8902446
558.0035314
558.1168183
558.2301051
558.343392
558.4566788
558.5699657
558.6832525
558.7965394
558.9098262
559.0231131
559.1363999
559.2496868
559.3629736
559.4762605
559.5895473
559.7028342
559.8161211
559.9294079
560.0426948
560.1559816
560.2692685
560.3825553
560.4958422
560.609129
560.7224159
560.8357027
560.9489896
561.0622764
561.1755633
561.2888501
561.402137
561.5154238
561.6287107
561.7419975
561.8552844
561.9685713
562.0818581
562.195145
562.3084318
562.4217187
562.5350055
562.6482924
562.7615792
562.8748661
562.9881529
563.1014398
563.2147266
563.3280135
563.4413003
563.5545872
563.667874
563.7811609
563.8944477
564.0077346
564.1210214
564.2343083
564.3475952
564.460882
564.5741689
564.6874557
564.8007426
564.9140294
565.0273163
565.1406031
565.25389
565.3671768
565.4804637
565.5937505
565.7070374
565.8203242
565.9336111
566.0468979
566.1601848
566.2734716
566.3867585
566.5000454
566.6133322
566.7266191
566.8399059
566.9531928
567.0664796
567.1797665
567.2930533
567.4063402
567.519627
567.6329139
567.7462007
567.8594876
567.9727744
568.0860613
568.1993481
568.312635
568.4259218
568.5392087
568.6524956
568.7657824
568.8790693
568.9923561
569.105643
569.2189298
569.3322167
569.4455035
569.5587904
569.6720772
569.7853641
569.8986509
570.0119378
570.1252246
570.2385115
570.3517983
570.4650852
570.578372
570.6916589
570.8049458
570.9182326
571.0315195
571.1448063
571.2580932
571.37138
571.4846669
571.5979537
571.7112406
571.8245274
571.9378143
572.0511011
572.164388
572.2776748
572.3909617
572.5042485
572.6175354
572.7308222
572.8441091
572.957396
573.0706828
573.1839697
573.2972565
573.4105434
573.5238302
573.6371171
573.7504039
573.8636908
573.9769776
574.0902645
574.2035513
574.3168382
574.430125
574.5434119
574.6566987
574.7699856
574.8832724
574.9965593
575.1098462
575.223133
575.3364199
575.4497067
575.5629936
575.6762804
575.7895673
575.9028541
576.016141
576.1294278
576.2427147
576.3560015
576.4692884
576.5825752
576.6958621
576.8091489
576.9224358
577.0357226
577.1490095
577.2622964
577.3755832
577.4888701
577.6021569
577.7154438
577.8287306
577.9420175
578.0553043
578.1685912
578.281878
578.3951649
578.5084517
578.6217386
578.7350254
578.8483123
578.9615991
579.074886
579.1881728
579.3014597
579.4147466
579.5280334
579.6413203
579.7546071
579.867894
579.9811808
580.0944677
580.2077545
580.3210414
580.4343282
580.5476151
580.6609019
580.7741888
580.8874756
581.0007625
581.1140493
581.2273362
581.340623
581.4539099
581.5671968
581.6804836
581.7937705
581.9070573
582.0203442
582.133631
582.2469179
582.3602047
582.4734916
582.5867784
582.7000653
582.8133521
582.926639
583.0399258
583.1532127
583.2664995
583.3797864
583.4930732
583.6063601
583.719647
583.8329338
583.9462207
584.0595075
584.1727944
584.2860812
584.3993681
584.5126549
584.6259418
584.7392286
584.8525155
584.9658023
585.0790892
585.192376
585.3056629
585.4189497
585.5322366
585.6455234
585.7588103
585.8720972
585.985384
586.0986709
586.2119577
586.3252446
586.4385314
586.5518183
586.6651051
586.778392
586.8916788
587.0049657
587.1182525
587.2315394
587.3448262
587.4581131
587.5713999
587.6846868
587.7979736
587.9112605
588.0245474
588.1378342
588.2511211
588.3644079
588.4776948
588.5909816
588.7042685
588.8175553
588.9308422
589.044129
589.1574159
589.2707027
589.3839896
589.4972764
589.6105633
589.7238501
589.837137
589.9504238
590.0637107
590.1769975
590.2902844
590.4035713
590.5168581
590.630145
590.7434318
590.8567187
590.9700055
591.0832924
591.1965792
591.3098661
591.4231529
591.5364398
591.6497266
591.7630135
591.8763003
591.9895872
592.102874
592.2161609
592.3294477
592.4427346
592.5560215
592.6693083
592.7825952
592.895882
593.0091689
593.1224557
593.2357426
593.3490294
593.4623163
593.5756031
593.68889
593.8021768
593.9154637
594.0287505
594.1420374
594.2553242
594.3686111
594.4818979
594.5951848
594.7084717
594.8217585
594.9350454
595.0483322
595.1616191
595.2749059
595.3881928
595.5014796
595.6147665
595.7280533
595.8413402
595.954627
596.0679139
596.1812007
596.2944876
596.4077744
596.5210613
596.6343481
596.747635
596.8609219
596.9742087
597.0874956
597.2007824
597.3140693
597.4273561
597.540643
597.6539298
597.7672167
597.8805035
597.9937904
598.1070772
598.2203641
598.3336509
598.4469378
598.5602246
598.6735115
598.7867983
598.9000852
599.0133721
599.1266589
599.2399458
599.3532326
599.4665195
599.5798063
599.6930932
599.80638
599.9196669
600.0329537
600.1462406
600.2595274
600.3728143
600.4861011
600.599388
600.7126748
600.8259617
600.9392485
601.0525354
601.1658223
601.2791091
601.392396
601.5056828
601.6189697
601.7322565
601.8455434
601.9588302
602.0721171
602.1854039
602.2986908
602.4119776
602.5252645
602.6385513
602.7518382
602.865125
602.9784119
603.0916987
603.2049856
603.3182725
603.4315593
603.5448462
603.658133
603.7714199
603.8847067
603.9979936
604.1112804
604.2245673
604.3378541
604.451141
604.5644278
604.6777147
604.7910015
604.9042884
605.0175752
605.1308621
605.2441489
605.3574358
605.4707227
605.5840095
605.6972964
605.8105832
605.9238701
606.0371569
606.1504438
606.2637306
606.3770175
606.4903043
606.6035912
606.716878
606.8301649
606.9434517
607.0567386
607.1700254
607.2833123
607.3965991
607.509886
607.6231729
607.7364597
607.8497466
607.9630334
608.0763203
608.1896071
608.302894
608.4161808
608.5294677
608.6427545
608.7560414
608.8693282
608.9826151
609.0959019
609.2091888
609.3224756
609.4357625
609.5490493
609.6623362
609.7756231
609.8889099
610.0021968
610.1154836
610.2287705
610.3420573
610.4553442
610.568631
610.6819179
610.7952047
610.9084916
611.0217784
611.1350653
611.2483521
611.361639
611.4749258
611.5882127
611.7014995
611.8147864
611.9280733
612.0413601
612.154647
612.2679338
612.3812207
612.4945075
612.6077944
612.7210812
612.8343681
612.9476549
613.0609418
613.1742286
613.2875155
613.4008023
613.5140892
613.627376
613.7406629
613.8539497
613.9672366
614.0805234
614.1938103
614.3070972
614.420384
614.5336709
614.6469577
614.7602446
614.8735314
614.9868183
615.1001051
615.213392
615.3266788
615.4399657
615.5532525
615.6665394
615.7798262
615.8931131
616.0063999
616.1196868
616.2329736
616.3462605
616.4595474
616.5728342
616.6861211
616.7994079
616.9126948
617.0259816
617.1392685
617.2525553
617.3658422
617.479129
617.5924159
617.7057027
617.8189896
617.9322764
618.0455633
618.1588501
618.272137
618.3854238
618.4987107
618.6119976
618.7252844
618.8385713
618.9518581
619.065145
619.1784318
619.2917187
619.4050055
619.5182924
619.6315792
619.7448661
619.8581529
619.9714398
620.0847266
620.1980135
620.3113003
620.4245872
620.537874
620.6511609
620.7644478
620.8777346
620.9910215
621.1043083
621.2175952
621.330882
621.4441689
621.5574557
621.6707426
621.7840294
621.8973163
622.0106031
622.12389
622.2371768
622.3504637
622.4637505
622.5770374
622.6903242
622.8036111
622.916898
623.0301848
623.1434717
623.2567585
623.3700454
623.4833322
623.5966191
623.7099059
623.8231928
623.9364796
624.0497665
624.1630533
624.2763402
624.389627
624.5029139
624.6162007
624.7294876
624.8427744
624.9560613
625.0693482
625.182635
625.2959219
625.4092087
625.5224956
625.6357824
625.7490693
625.8623561
625.975643
626.0889298
626.2022167
626.3155035
626.4287904
626.5420772
626.6553641
626.7686509
626.8819378
626.9952246
627.1085115
627.2217984
627.3350852
627.4483721
627.5616589
627.6749458
627.7882326
627.9015195
628.0148063
628.1280932
628.24138
628.3546669
628.4679537
628.5812406
628.6945274
628.8078143
628.9211011
629.034388
629.1476748
629.2609617
629.3742486
629.4875354
629.6008223
629.7141091
629.827396
629.9406828
630.0539697
630.1672565
630.2805434
630.3938302
630.5071171
630.6204039
630.7336908
630.8469776
630.9602645
631.0735513
631.1868382
631.300125
631.4134119
631.5266988
631.6399856
631.7532725
631.8665593
631.9798462
632.093133
632.2064199
632.3197067
632.4329936
632.5462804
632.6595673
632.7728541
632.886141
632.9994278
633.1127147
633.2260015
633.3392884
633.4525752
633.5658621
633.679149
633.7924358
633.9057227
634.0190095
634.1322964
634.2455832
634.3588701
634.4721569
634.5854438
634.6987306
634.8120175
634.9253043
635.0385912
635.151878
635.2651649
635.3784517
635.4917386
635.6050254
635.7183123
635.8315992
635.944886
636.0581729
636.1714597
636.2847466
636.3980334
636.5113203
636.6246071
636.737894
636.8511808
636.9644677
637.0777545
637.1910414
637.3043282
637.4176151
637.5309019
637.6441888
637.7574756
637.8707625
637.9840494
638.0973362
638.2106231
638.3239099
638.4371968
638.5504836
638.6637705
638.7770573
638.8903442
639.003631
639.1169179
639.2302047
639.3434916
639.4567784
639.5700653
639.6833521
639.796639
639.9099258
640.0232127
640.1364995
640.2497864
640.3630733
640.4763601
640.589647
640.7029338
640.8162207
640.9295075
641.0427944
641.1560812
641.2693681
641.3826549
641.4959418
641.6092286
641.7225155
641.8358023
641.9490892
642.062376
642.1756629
642.2889497
642.4022366
642.5155235
642.6288103
642.7420972
642.855384
642.9686709
643.0819577
643.1952446
643.3085314
643.4218183
643.5351051
643.648392
643.7616788
643.8749657
643.9882525
644.1015394
644.2148262
644.3281131
644.4413999
644.5546868
644.6679737
644.7812605
644.8945474
645.0078342
645.1211211
645.2344079
645.3476948
645.4609816
645.5742685
645.6875553
645.8008422
645.914129
646.0274159
646.1407027
646.2539896
646.3672764
646.4805633
646.5938501
646.707137
646.8204239
646.9337107
647.0469976
647.1602844
647.2735713
647.3868581
647.500145
647.6134318
647.7267187
647.8400055
647.9532924
648.0665792
648.1798661
648.2931529
648.4064398
648.5197266
648.6330135
648.7463003
648.8595872
648.9728741
649.0861609
649.1994478
649.3127346
649.4260215
649.5393083
649.6525952
649.765882
649.8791689
649.9924557
650.1057426
650.2190294
650.3323163
650.4456031
650.55889
650.6721768
650.7854637
650.8987505
651.0120374
651.1253243
651.2386111
651.351898
651.4651848
651.5784717
651.6917585
651.8050454
651.9183322
652.0316191
652.1449059
652.2581928
652.3714796
652.4847665
652.5980533
652.7113402
652.824627
652.9379139
653.0512007
653.1644876
653.2777745
653.3910613
653.5043482
653.617635
653.7309219
653.8442087
653.9574956
654.0707824
654.1840693
654.2973561
654.410643
654.5239298
654.6372167
654.7505035
654.8637904
654.9770772
655.0903641
655.2036509
655.3169378
655.4302247
655.5435115
655.6567984
655.7700852
655.8833721
655.9966589
656.1099458
656.2232326
656.3365195
656.4498063
656.5630932
656.67638
656.7896669
656.9029537
657.0162406
657.1295274
657.2428143
657.3561011
657.469388
657.5826749
657.6959617
657.8092486
657.9225354
658.0358223
658.1491091
658.262396
658.3756828
658.4889697
658.6022565
658.7155434
658.8288302
658.9421171
659.0554039
659.1686908
659.2819776
659.3952645
659.5085513
659.6218382
659.7351251
659.8484119
659.9616988
660.0749856
660.1882725
660.3015593
660.4148462
660.528133
660.6414199
660.7547067
660.8679936
660.9812804
661.0945673
661.2078541
661.321141
661.4344278
661.5477147
661.6610015
661.7742884
661.8875753
662.0008621
662.114149
662.2274358
662.3407227
662.4540095
662.5672964
662.6805832
662.7938701
662.9071569
663.0204438
663.1337306
663.2470175
663.3603043
663.4735912
663.586878
663.7001649
663.8134517
663.9267386
664.0400254
664.1533123
664.2665992
664.379886
664.4931729
664.6064597
664.7197466
664.8330334
664.9463203
665.0596071
665.172894
665.2861808
665.3994677
665.5127545
665.6260414
665.7393282
665.8526151
665.9659019
666.0791888
666.1924756
666.3057625
666.4190494
666.5323362
666.6456231
666.7589099
666.8721968
666.9854836
667.0987705
667.2120573
667.3253442
667.438631
667.5519179
667.6652047
667.7784916
667.8917784
668.0050653
668.1183521
668.231639
668.3449258
668.4582127
668.5714996
668.6847864
668.7980733
668.9113601
669.024647
669.1379338
669.2512207
669.3645075
669.4777944
669.5910812
669.7043681
669.8176549
669.9309418
670.0442286
670.1575155
670.2708023
670.3840892
670.497376
670.6106629
670.7239498
670.8372366
670.9505235
671.0638103
671.1770972
671.290384
671.4036709
671.5169577
671.6302446
671.7435314
671.8568183
671.9701051
672.083392
672.1966788
672.3099657
672.4232525
672.5365394
672.6498262
672.7631131
672.8764
672.9896868
673.1029737
673.2162605
673.3295474
673.4428342
673.5561211
673.6694079
673.7826948
673.8959816
674.0092685
674.1225553
674.2358422
674.349129
674.4624159
674.5757027
674.6889896
674.8022764
674.9155633
675.0288502
675.142137
675.2554239
675.3687107
675.4819976
675.5952844
675.7085713
675.8218581
675.935145
676.0484318
676.1617187
676.2750055
676.3882924
676.5015792
676.6148661
676.7281529
676.8414398
676.9547266
677.0680135
677.1813004
677.2945872
677.4078741
677.5211609
677.6344478
677.7477346
677.8610215
677.9743083
678.0875952
678.200882
678.3141689
678.4274557
678.5407426
678.6540294
678.7673163
678.8806031
678.99389
679.1071768
679.2204637
679.3337506
679.4470374
679.5603243
679.6736111
679.786898
679.9001848
680.0134717
680.1267585
680.2400454
680.3533322
680.4666191
680.5799059
680.6931928
680.8064796
680.9197665
681.0330533
681.1463402
681.259627
681.3729139
681.4862008
681.5994876
681.7127745
681.8260613
681.9393482
682.052635
682.1659219
682.2792087
682.3924956
682.5057824
682.6190693
682.7323561
682.845643
682.9589298
683.0722167
683.1855035
683.2987904
683.4120772
683.5253641
683.638651
683.7519378
683.8652247
683.9785115
684.0917984
684.2050852
684.3183721
684.4316589
684.5449458
684.6582326
684.7715195
684.8848063
684.9980932
685.11138
685.2246669
685.3379537
685.4512406
685.5645274
685.6778143
685.7911012
685.904388
686.0176749
686.1309617
686.2442486
686.3575354
686.4708223
686.5841091
686.697396
686.8106828
686.9239697
687.0372565
687.1505434
687.2638302
687.3771171
687.4904039
687.6036908
687.7169776
687.8302645
687.9435514
688.0568382
688.1701251
688.2834119
688.3966988
688.5099856
688.6232725
688.7365593
688.8498462
688.963133
689.0764199
689.1897067
689.3029936
689.4162804
689.5295673
689.6428541
689.756141
689.8694278
689.9827147
690.0960015
690.2092884
690.3225753
690.4358621
690.549149
690.6624358
690.7757227
690.8890095
691.0022964
691.1155832
691.2288701
691.3421569
691.4554438
691.5687306
691.6820175
691.7953043
691.9085912
692.021878
692.1351649
692.2484517
692.3617386
692.4750255
692.5883123
692.7015992
692.814886
692.9281729
693.0414597
693.1547466
693.2680334
693.3813203
693.4946071
693.607894
693.7211808
693.8344677
693.9477545
694.0610414
694.1743282
694.2876151
694.4009019
694.5141888
694.6274757
694.7407625
694.8540494
694.9673362
695.0806231
695.1939099
695.3071968
695.4204836
695.5337705
695.6470573
695.7603442
695.873631
695.9869179
696.1002047
696.2134916
696.3267784
696.4400653
696.5533521
696.666639
696.7799259
696.8932127
697.0064996
697.1197864
697.2330733
697.3463601
697.459647
697.5729338
697.6862207
697.7995075
697.9127944
698.0260812
698.1393681
698.2526549
698.3659418
698.4792286
698.5925155
698.7058023
698.8190892
698.9323761
699.0456629
699.1589498
699.2722366
699.3855235
699.4988103
699.6120972
699.725384
699.8386709
699.9519577
700.0652446
700.1785314
700.2918183
700.4051051
700.518392
700.6316788
700.7449657
700.8582525
700.9715394
701.0848263
701.1981131
701.3114
701.4246868
701.5379737
701.6512605
701.7645474
701.8778342
701.9911211
702.1044079
702.2176948
702.3309816
702.4442685
702.5575553
702.6708422
702.784129
702.8974159
703.0107027
703.1239896
703.2372765
703.3505633
703.4638502
703.577137
703.6904239
703.8037107
703.9169976
704.0302844
704.1435713
704.2568581
704.370145
704.4834318
704.5967187
704.7100055
704.8232924
704.9365792
705.0498661
705.1631529
705.2764398
705.3897267
705.5030135
705.6163004
705.7295872
705.8428741
705.9561609
706.0694478
706.1827346
706.2960215
706.4093083
706.5225952
706.635882
706.7491689
706.8624557
706.9757426
707.0890294
707.2023163
707.3156031
707.42889
707.5421769
707.6554637
707.7687506
707.8820374
707.9953243
708.1086111
708.221898
708.3351848
708.4484717
708.5617585
708.6750454
708.7883322
708.9016191
709.0149059
709.1281928
709.2414796
709.3547665
709.4680533
709.5813402
709.6946271
709.8079139
709.9212008
710.0344876
710.1477745
710.2610613
710.3743482
710.487635
710.6009219
710.7142087
710.8274956
710.9407824
711.0540693
711.1673561
711.280643
711.3939298
711.5072167
711.6205035
711.7337904
711.8470773
711.9603641
712.073651
712.1869378
712.3002247
712.4135115
712.5267984
712.6400852
712.7533721
712.8666589
712.9799458
713.0932326
713.2065195
713.3198063
713.4330932
713.54638
713.6596669
713.7729537
713.8862406
713.9995274
714.1128143
714.2261012
714.339388
714.4526749
714.5659617
714.6792486
714.7925354
714.9058223
715.0191091
715.132396
715.2456828
715.3589697
715.4722565
715.5855434
715.6988302
715.8121171
715.9254039
716.0386908
716.1519776
716.2652645
716.3785514
716.4918382
716.6051251
716.7184119
716.8316988
716.9449856
717.0582725
717.1715593
717.2848462
717.398133
717.5114199
717.6247067
717.7379936
717.8512804
717.9645673
718.0778541
718.191141
718.3044278
718.4177147
718.5310016
718.6442884
718.7575753
718.8708621
718.984149
719.0974358
719.2107227
719.3240095
719.4372964
719.5505832
719.6638701
719.7771569
719.8904438
720.0037306
720.1170175
720.2303043
